(41.89004934, -87.62899826)
(41.76176651, -87.58232113)
(41.69402358, -87.65520795)
(41.88357437, -87.70994788)
(41.7511655, -87.59548381)
(41.88539325, -87.66354785)
(41.7550563, -87.71486904)
(41.87104907, -87.69733657)
(41.80912527, -87.63190651)
(41.92160694, -87.66556501)
(41.89088102, -87.70518312)
(41.76835862, -87.62337346)
(41.78168223, -87.72528635)
(41.93788754, -87.64543039)
(41.81755346, -87.6155557)
(41.91455805, -87.72037107)
(41.96909239, -87.74312155)
(41.89715593, -87.72900027)
(41.86169824, -87.65168811)
(41.76176946, -87.6313962)
(41.73759097, -87.66479273)
(41.90376979, -87.63969883)
(41.91742707, -87.70387203)
(41.93944442, -87.68959677)
(41.95600771, -87.73091516)
(41.93203174, -87.70787026)
(41.99767388, -87.69306433)
(41.67725798, -87.63587333)
(41.88409949, -87.67520261)
(41.74738765, -87.58588208)
(41.88694513, -87.6475086)
(41.70693636, -87.62351495)
(41.7676302, -87.67239146)
(41.93268249, -87.74909496)
(41.8955598, -87.74827276)
(41.87582072, -87.64717591)
(41.81618111, -87.73582973)
(41.88617868, -87.76996703)
(41.77400463, -87.66470434)
(41.74892227, -87.60390142)
(41.69940379, -87.60562208)
(41.77299126, -87.69201538)
(41.83896534, -87.64762849)
(41.80142688, -87.7527681)
(41.76516596, -87.59704621)
(41.89773193, -87.72738234)
(41.87242975, -87.65425441)
(41.89538618, -87.76784762)
(41.74357483, -87.72477026)
(41.96983899, -87.74905709)
(41.97685185, -87.65499969)
(41.8746507, -87.68868687)
(41.91107351, -87.64585063)
(41.74874252, -87.61808908)
(41.92575557, -87.76930295)
(41.81144535, -87.59829918)
(41.92126951, -87.75729391)
(41.99851375, -87.69112449)
(41.8441958, -87.72870985)
(41.81099349, -87.70530396)
(41.92554617, -87.64304215)
(41.80029912, -87.67829433)
(41.76668781, -87.61286791)
(41.90342796, -87.62997163)
(41.70217277, -87.54009341)
(41.75485366, -87.6096945)
(41.89918902, -87.62565074)
(41.93902035, -87.77137666)
(41.88986595, -87.75052097)
(41.79793718, -87.74167637)
(41.83805499, -87.64545841)
(41.98131332, -87.88254865)
(41.89312906, -87.74948127)
(41.86651732, -87.6951787)
(42.00584932, -87.6609944)
(41.94723149, -87.65510059)
(41.78442084, -87.65097828)
(41.96898468, -87.7675134)
(41.89415304, -87.71139499)
(41.87471937, -87.68625913)
(41.87923585, -87.62434704)
(41.88118745, -87.6847801)
(42.00244679, -87.81563065)
(41.96384593, -87.71811925)
(41.89082499, -87.63018336)
(41.96659831, -87.65479593)
(41.72292006, -87.6719414)
(41.74767234, -87.56374138)
(41.96074568, -87.68338568)
(41.82366585, -87.60307202)
(41.90639137, -87.67145808)
(41.92775526, -87.74399884)
(41.83367977, -87.6126455)
(41.72162305, -87.62470134)
(42.01849825, -87.67298323)
(41.90675736, -87.72887299)
(41.785019, -87.60970373)
(41.91472115, -87.6958928)
(41.89261198, -87.74817478)
(41.7274858, -87.58501746)
(41.80248096, -87.64637085)
(41.96720786, -87.65904385)
(42.02253479, -87.67343462)
(41.92674697, -87.64880593)
(41.99289219, -87.71893582)
(41.90978058, -87.73445803)
(41.83537895, -87.63403447)
(41.9406763, -87.68808107)
(41.85264116, -87.64690617)
(41.86748795, -87.70447965)
(41.90182192, -87.63300506)
(41.90985011, -87.7288732)
(41.90352381, -87.66674162)
(41.78413509, -87.66918236)
(41.7788144, -87.64961886)
(41.91096249, -87.6623401)
(41.7386597, -87.73997474)
(41.67974574, -87.63159277)
(41.75145765, -87.55289252)
(41.90249637, -87.66513602)
(41.80527436, -87.61011037)
(41.77855561, -87.67388879)
(41.6547752, -87.60950582)
(41.85484628, -87.71123636)
(41.88116966, -87.72568074)
(41.92824594, -87.71774483)
(41.74712874, -87.60021692)
(41.89085175, -87.62872868)
(41.89105171, -87.63405559)
(41.82157966, -87.68726402)
(41.72909972, -87.58674621)
(42.01849825, -87.67298323)
(41.73919671, -87.55176957)
(41.91067631, -87.64918707)
(41.89850538, -87.63275847)
(41.97083482, -87.71954498)
(41.92767609, -87.70726236)
(41.89670179, -87.62638709)
(41.9523678, -87.7558045)
(41.83787931, -87.60841496)
(41.75363824, -87.55921731)
(41.99690404, -87.68985677)
(41.78239814, -87.71646896)
(41.75042181, -87.65889139)
(41.74091582, -87.63867318)
(41.70340888, -87.71346729)
(41.95847567, -87.65066506)
(41.93376975, -87.77119122)
(41.99195633, -87.70673582)
(41.73671773, -87.55002996)
(41.92148253, -87.67252206)
(41.92102192, -87.67164127)
(41.94412409, -87.64938831)
(41.8926701, -87.62810635)
(41.89364666, -87.63117714)
(41.7512084, -87.6095632)
(41.75551382, -87.64294307)
(41.81180009, -87.61665437)
(41.90656861, -87.76944983)
(41.79287746, -87.67426274)
(41.94737604, -87.8144186)
(41.88404374, -87.7242874)
(41.91303751, -87.6872904)
(41.79815641, -87.6234224)
(41.95900442, -87.88504793)
(42.00043352, -87.66120225)
(41.73554753, -87.64728243)
(41.88945317, -87.62799483)
(41.73499652, -87.55967202)
(41.8414719, -87.62920463)
(41.96431322, -87.66100108)
(41.70595889, -87.64280332)
(41.8781136, -87.63421869)
(41.99504862, -87.68979453)
(41.92482756, -87.77088755)
(41.94066546, -87.74587213)
(41.73063363, -87.60467622)
(41.85384933, -87.62710512)
(41.76593854, -87.72070277)
(41.79671322, -87.60505772)
(41.76305316, -87.57806893)
(41.86803411, -87.63921516)
(41.90381688, -87.66617286)
(41.69212213, -87.66134608)
(41.90340047, -87.7092518)
(41.94212794, -87.6524347)
(41.95675103, -87.65276068)
(41.93775108, -87.74319378)
(41.93216984, -87.68819254)
(41.88601293, -87.62950532)
(41.92544477, -87.64948497)
(41.89177724, -87.63558289)
(41.85513349, -87.61909263)
(41.71171465, -87.64295414)
(41.92203277, -87.79702679)
(41.86637601, -87.70840783)
(41.93773186, -87.74319029)
(41.91263282, -87.68365726)
(41.88216299, -87.77091301)
(41.7333933, -87.65934801)
(41.83144108, -87.66919993)
(41.76015578, -87.55675291)
(41.78661403, -87.62387976)
(41.75488782, -87.67707773)
(41.9855369, -87.70408798)
(42.0013822, -87.66435258)
(41.9399189, -87.65336973)
(41.87390705, -87.72543009)
(41.76476705, -87.67751223)
(41.91676816, -87.67638451)
(41.89668507, -87.62768386)
(41.89392276, -87.63958134)
(41.898333, -87.6274637)
(41.97822738, -87.66967024)
(41.87570386, -87.74265605)
(41.95019746, -87.64899989)
(41.8709214, -87.72648642)
(41.85876848, -87.66212614)
(41.90393347, -87.62916894)
(41.87545977, -87.70997534)
(41.94495301, -87.64941621)
(41.90393347, -87.62916894)
(41.89392276, -87.63958134)
(41.98301096, -87.71343659)
(41.89392276, -87.63958134)
(41.92397622, -87.76629442)
(41.82862406, -87.64978257)
(41.78481539, -87.63760551)
(41.87972262, -87.77300914)
(42.01158789, -87.6643634)
(41.92084865, -87.7731786)
(41.92082944, -87.77317877)
(41.72635995, -87.62518047)
(41.79027182, -87.61587114)
(41.89437352, -87.67945322)
(41.85592024, -87.66973226)
(41.84672642, -87.72463046)
(41.95225576, -87.76524977)
(41.73577349, -87.61773838)
(41.91116261, -87.63289562)
(41.86289815, -87.71127579)
(41.84379503, -87.72453347)
(41.92130467, -87.68367219)
(41.87493626, -87.74817081)
(41.87390705, -87.72543009)
(41.96536099, -87.65997522)
(41.76038465, -87.69658321)
(41.75088089, -87.60032448)
(41.69800154, -87.62719436)
(41.84765561, -87.70756973)
(41.68490217, -87.6809415)
(41.90965857, -87.63466445)
(41.96786087, -87.67414628)
(41.74856351, -87.59542199)
(41.96767272, -87.77587943)
(41.91756961, -87.71190252)
(41.89798185, -87.638733)
(41.87437821, -87.64184526)
(41.70234576, -87.6439076)
(41.77901282, -87.66420869)
(41.84833938, -87.68977324)
(41.96181844, -87.70704222)
(41.91889415, -87.73497909)
(41.85554228, -87.71510953)
(41.73474939, -87.55275409)
(41.8898621, -87.62800135)
(41.8792154, -87.71583981)
(41.9392275, -87.71656965)
(41.87660796, -87.62764406)
(41.88549579, -87.61864438)
(42.01284319, -87.66269069)
(41.74787029, -87.54918349)
(41.88549579, -87.61864438)
(41.93557897, -87.7724727)
(41.73528744, -87.64968867)
(41.88549579, -87.61864438)
(41.94224983, -87.79827621)
(41.76131432, -87.61153154)
(41.96127927, -87.69386267)
(41.77692573, -87.65321713)
(41.97701762, -87.69244749)
(41.88581281, -87.70626105)
(41.86552945, -87.67621179)
(41.79624856, -87.6840969)
(41.78702141, -87.62719736)
(41.72986126, -87.66167463)
(41.92291383, -87.6452238)
(41.76177843, -87.66370236)
(41.90452883, -87.62869954)
(41.88573061, -87.62554222)
(41.90486119, -87.62830282)
(41.96796135, -87.66730578)
(41.93991842, -87.65328888)
(41.9045835, -87.6300067)
(41.91053496, -87.67428454)
(41.9762418, -87.78362332)
(41.91502083, -87.67268792)
(41.84357695, -87.71965076)
(41.72081537, -87.64076516)
(41.73329004, -87.63065854)
(41.93209514, -87.69792489)
(41.97568561, -87.71425418)
(41.93591041, -87.67997732)
(41.76362574, -87.56018223)
(41.76404927, -87.66865278)
(41.97784823, -87.84646896)
(41.88089475, -87.75263686)
(41.75915821, -87.62802703)
(41.76672283, -87.61407717)
(41.88539325, -87.66354785)
(41.89590372, -87.72364949)
(41.77086796, -87.58379129)
(41.98990964, -87.80921779)
(41.89036711, -87.62667363)
(41.78659482, -87.62387997)
(41.90411637, -87.71171708)
(41.86356807, -87.69582111)
(41.88788833, -87.77052492)
(41.87268029, -87.71411462)
(42.00334908, -87.81917007)
(41.64792558, -87.61611724)
(41.79459129, -87.72319873)
(41.85835779, -87.71153271)
(41.82077346, -87.60308287)
(41.9490679, -87.65287182)
(41.91868221, -87.75194902)
(41.94833112, -87.64436604)
(41.79152656, -87.66088091)
(41.75586429, -87.60286992)
(41.99588442, -87.69154455)
(41.89082499, -87.63018336)
(41.73695521, -87.54582823)
(41.90457987, -87.6406966)
(41.78343602, -87.61327443)
(41.85077934, -87.73448015)
(41.9399189, -87.65336973)
(41.77481629, -87.67744653)
(41.77891676, -87.70653728)
(41.91549631, -87.71418222)
(41.92711971, -87.64140093)
(41.75127045, -87.58582237)
(41.79974205, -87.61934865)
(41.88358801, -87.73679957)
(41.74636928, -87.72180863)
(41.74144487, -87.58736171)
(41.993224, -87.65690795)
(41.94305644, -87.64936297)
(41.86373975, -87.72753821)
(41.70068606, -87.63131754)
(41.87668477, -87.72553229)
(41.88588808, -87.62794224)
(41.90387126, -87.63335736)
(41.7581463, -87.58224606)
(41.72546159, -87.56933655)
(41.77422234, -87.59451572)
(41.73575527, -87.60349719)
(41.94020622, -87.70275121)
(42.01204416, -87.66307809)
(41.80305126, -87.74303038)
(41.96685709, -87.76845885)
(41.8995529, -87.62413703)
(41.75265499, -87.59794782)
(41.8759442, -87.74349836)
(41.89975428, -87.72011596)
(41.89374155, -87.70486861)
(41.88535212, -87.66590963)
(41.89986904, -87.72621977)
(41.90001777, -87.62342663)
(41.77851283, -87.73527028)
(41.9169533, -87.6521145)
(41.75358568, -87.56323829)
(41.93256728, -87.70744239)
(41.9323427, -87.7546107)
(41.91731534, -87.71410952)
(41.93880566, -87.7233917)
(41.94960023, -87.65844277)
(41.93747006, -87.71177918)
(41.90346859, -87.67238091)
(41.93227189, -87.75963886)
(41.81414816, -87.62134198)
(41.92648239, -87.70727036)
(41.73772883, -87.69334094)
(41.99830246, -87.68624106)
(41.86110533, -87.64981486)
(41.91301047, -87.68153355)
(41.9370949, -87.77495499)
(41.91545934, -87.67833787)
(41.88320781, -87.63301374)
(41.9335384, -87.73412925)
(41.98729885, -87.79010125)
(41.87341509, -87.70590492)
(41.85665105, -87.66373037)
(42.01849825, -87.67298323)
(41.90810972, -87.77313936)
(42.01139567, -87.81930765)
(41.7573272, -87.64421375)
(41.73099899, -87.58509026)
(41.937887, -87.71734705)
(41.77675506, -87.67383758)
(41.78134841, -87.73382868)
(41.76376931, -87.62101952)
(41.88764063, -87.61934028)
(41.74091669, -87.69118775)
(41.8609112, -87.69574471)
(41.88656021, -87.71606289)
(41.71471187, -87.64302462)
(41.75982395, -87.61149693)
(41.77191018, -87.63870912)
(41.96343349, -87.70831699)
(41.93054611, -87.75260937)
(41.83660077, -87.61677038)
(42.02001639, -87.67308897)
(41.90755345, -87.67167752)
(41.724865, -87.63065877)
(41.88104777, -87.7718188)
(41.97676298, -87.90098372)
(41.67525644, -87.60087573)
(41.74350386, -87.60501807)
(41.74454099, -87.64872206)
(41.70729637, -87.53770492)
(41.89085175, -87.62872868)
(41.80489648, -87.74430451)
(41.88225903, -87.76367422)
(41.88010804, -87.64730998)
(41.99291871, -87.68727778)
(41.95801054, -87.65274728)
(42.01849825, -87.67298323)
(41.78000063, -87.69951294)
(41.97198442, -87.7189897)
(41.88015219, -87.63867642)
(41.78630923, -87.66315381)
(41.92944915, -87.76648482)
(41.77583464, -87.61551514)
(41.88025141, -87.62615717)
(41.77905591, -87.69740311)
(41.89273519, -87.70400801)
(41.78783209, -87.79629869)
(41.7915251, -87.66817098)
(41.72122002, -87.62743839)
(41.76118608, -87.58843062)
(41.92957607, -87.64647518)
(41.79766449, -87.7587799)
(41.82820478, -87.64482638)
(41.93618299, -87.65971257)
(41.79846765, -87.6927113)
(41.97973859, -87.69271075)
(41.74100848, -87.64862401)
(41.89790131, -87.77036723)
(41.7904847, -87.59319225)
(41.76160602, -87.59695496)
(41.90681204, -87.75712634)
(41.82834239, -87.69083948)
(41.89005157, -87.62891376)
(41.89082499, -87.63018336)
(42.0104908, -87.6753842)
(41.81677505, -87.68835049)
(41.876862, -87.74373594)
(41.70836546, -87.61501369)
(41.91742505, -87.63878674)
(41.94025016, -87.7272152)
(41.9392116, -87.71769818)
(41.74911926, -87.58714094)
(41.92338598, -87.70911587)
(41.88639193, -87.77486054)
(41.90347807, -87.6314331)
(41.67197021, -87.62608805)
(41.91067631, -87.64918707)
(41.88084192, -87.77181326)
(41.70709533, -87.62883442)
(41.90850217, -87.76090242)
(41.73302067, -87.57076374)
(41.98402067, -87.70282662)
(41.74370324, -87.69978577)
(41.90632824, -87.75587064)
(41.99767767, -87.69275895)
(41.96816791, -87.73470206)
(41.8388489, -87.64881138)
(41.69925451, -87.61110545)
(41.91621878, -87.7494215)
(41.76882697, -87.57637362)
(41.95384139, -87.75470301)
(41.85485555, -87.65147447)
(41.74501546, -87.61233341)
(41.87692221, -87.73891416)
(41.90722711, -87.66272821)
(41.75037938, -87.65494863)
(41.79848056, -87.7024812)
(41.95109848, -87.65609628)
(41.89845591, -87.68800306)
(41.85210769, -87.68012979)
(41.8872434, -87.7561417)
(41.88223332, -87.76568683)
(41.69901732, -87.61354317)
(41.93847473, -87.69878777)
(41.74319969, -87.71515872)
(41.77769007, -87.61556045)
(41.97645432, -87.90136461)
(41.89494986, -87.62353785)
(41.95036348, -87.65199783)
(41.90307749, -87.68367333)
(41.6663531, -87.62084632)
(41.88155654, -87.62775854)
(41.84120804, -87.64635679)
(42.01603527, -87.6689277)
(41.76622965, -87.57785572)
(41.91708522, -87.64845726)
(41.78640901, -87.64981318)
(41.9000624, -87.62088426)
(41.80924338, -87.6930111)
(41.78127743, -87.61565243)
(41.739135, -87.64281075)
(41.9392116, -87.71769818)
(41.77115383, -87.66762998)
(41.86294431, -87.70714534)
(41.84015665, -87.7097933)
(41.78572062, -87.69967294)
(41.766817, -87.5951762)
(41.78584811, -87.60758238)
(41.88205937, -87.68952311)
(41.88836675, -87.64431663)
(41.74112456, -87.60979737)
(41.90826559, -87.62587746)
(41.88361118, -87.70713087)
(41.86694608, -87.65973501)
(41.87978486, -87.72380641)
(41.77115447, -87.6821065)
(41.78303119, -87.61086271)
(42.02114855, -87.67002637)
(41.93323527, -87.71423487)
(41.66981825, -87.64044094)
(41.90034886, -87.76252169)
(41.88240718, -87.686468)
(41.96838265, -87.71515593)
(41.91718439, -87.6800765)
(41.70346902, -87.62732131)
(41.96346191, -87.66559877)
(41.90381688, -87.66617286)
(41.8819461, -87.73400193)
(41.88548189, -87.62793569)
(41.76053084, -87.67098721)
(41.93701005, -87.64829557)
(41.77760437, -87.75563004)
(41.74073014, -87.6680469)
(41.78237178, -87.67035184)
(41.74625997, -87.66333229)
(41.7513008, -87.56258763)
(41.92441207, -87.65721639)
(41.8900569, -87.62176671)
(41.92724648, -87.79461288)
(41.76688692, -87.62014927)
(41.91804801, -87.73270159)
(41.78335791, -87.61570256)
(41.89255909, -87.62345046)
(41.77674817, -87.69942765)
(41.77594531, -87.72090084)
(41.77617376, -87.73246174)
(41.89317959, -87.63468615)
(41.92344215, -87.73041319)
(41.94599344, -87.75753456)
(41.87255051, -87.6542568)
(41.90380236, -87.63782502)
(41.92203975, -87.69733018)
(41.8767202, -87.70108811)
(41.80669767, -87.67378366)
(41.79596543, -87.6987469)
(41.88069797, -87.77324298)
(41.87200532, -87.74493347)
(41.87815777, -87.76174613)
(41.72119436, -87.66396637)
(41.93724585, -87.76766908)
(41.90044973, -87.75253686)
(41.78698742, -87.71407089)
(41.76473472, -87.63342756)
(41.86399081, -87.70681574)
(41.96584472, -87.65963552)
(41.74717742, -87.70476099)
(41.7799566, -87.60592196)
(41.85226829, -87.71867209)
(41.84070444, -87.63294893)
(41.75063739, -87.6443476)
(41.86521612, -87.62578322)
(41.73638915, -87.55417414)
(41.75454715, -87.62747647)
(41.73128275, -87.55266784)
(41.95397273, -87.69854583)
(41.991674, -87.67396684)
(41.77506823, -87.71905047)
(41.77809172, -87.74835545)
(41.96657963, -87.71361429)
(41.75596706, -87.65313792)
(41.96485729, -87.73712675)
(41.76970116, -87.64695164)
(41.96538841, -87.71816324)
(41.708864, -87.6344441)
(41.79712186, -87.59812548)
(41.76104285, -87.66368435)
(41.95346882, -87.66582441)
(41.75193536, -87.64892568)
(41.79668473, -87.66586956)
(41.94722589, -87.65554544)
(41.77430363, -87.59606186)
(41.97020174, -87.7627994)
(41.906276, -87.67001188)
(41.89565631, -87.69577756)
(41.90909728, -87.67433607)
(41.8910255, -87.63111036)
(41.87977861, -87.72418102)
(41.75563372, -87.64417322)
(41.77884093, -87.71126756)
(41.91204866, -87.64830537)
(41.86826193, -87.6392237)
(41.70706831, -87.63114557)
(41.89613264, -87.67705884)
(41.73360239, -87.61768187)
(41.86965832, -87.71963634)
(41.79054736, -87.71929508)
(41.93492127, -87.80387606)
(41.79125878, -87.68885204)
(41.89701539, -87.73728803)
(41.88897142, -87.77314868)
(41.87796462, -87.72676496)
(41.77588142, -87.63332471)
(41.84043895, -87.73448115)
(41.75275359, -87.57845355)
(41.88461184, -87.73158265)
(41.90000916, -87.716466)
(41.89594193, -87.74679272)
(41.92015226, -87.63824275)
(41.84536674, -87.72335514)
(41.94360916, -87.65001502)
(41.75568565, -87.63685736)
(41.73577772, -87.66397617)
(41.76471128, -87.64682522)
(41.74303178, -87.60500875)
(41.89313028, -87.74918009)
(41.86670649, -87.6795333)
(41.70837016, -87.62594559)
(41.96095695, -87.72701532)
(41.94725723, -87.65342042)
(41.87472033, -87.70722501)
(41.90025446, -87.6906407)
(41.89538526, -87.72420537)
(41.71171465, -87.64295414)
(41.73665603, -87.5458209)
(41.90347807, -87.6314331)
(41.80854154, -87.67134754)
(41.89173066, -87.62483692)
(41.9573098, -87.72699842)
(41.98581374, -87.67467835)
(41.71768641, -87.62049938)
(41.90393147, -87.62929019)
(41.71798651, -87.65187198)
(41.80022607, -87.59819269)
(41.80189303, -87.69280188)
(41.72119436, -87.66396637)
(41.89252141, -87.74817194)
(41.94559185, -87.74704729)
(41.99669056, -87.70082171)
(41.73337163, -87.58364487)
(41.97326348, -87.65843572)
(41.91005235, -87.77646555)
(41.76580717, -87.60464491)
(41.77723372, -87.66171949)
(41.89232895, -87.71256227)
(42.00552455, -87.6803178)
(41.96714678, -87.66314077)
(41.79448549, -87.72809912)
(41.80992434, -87.66986607)
(41.75722399, -87.56232617)
(41.75660479, -87.57609578)
(41.73660115, -87.54582157)
(41.81815555, -87.70071066)
(41.92799271, -87.64191332)
(41.89199038, -87.6114615)
(41.90352381, -87.66674162)
(41.75135459, -87.66589228)
(41.84710039, -87.72218623)
(41.70044456, -87.66021582)
(41.79717991, -87.70300739)
(41.92197387, -87.69732716)
(41.73810562, -87.57695434)
(41.76280982, -87.64002785)
(41.90019049, -87.6282991)
(41.70982325, -87.65020758)
(41.6884739, -87.61446617)
(41.68479242, -87.62887642)
(41.79899624, -87.65013787)
(41.9296123, -87.75463171)
(41.77513399, -87.66166075)
(41.77809494, -87.63404122)
(41.88708404, -87.65101802)
(41.6896975, -87.64351179)
(41.92002949, -87.73641251)
(41.74393557, -87.60688566)
(41.75885146, -87.57845905)
(41.97973854, -87.76128361)
(41.89583729, -87.70221085)
(41.87939118, -87.63311417)
(41.89005157, -87.62891376)
(41.89998039, -87.63433285)
(41.85364574, -87.68568241)
(41.87654534, -87.63310484)
(41.90316777, -87.62915899)
(41.73871439, -87.55388955)
(41.99665958, -87.69472995)
(41.88214235, -87.77230496)
(41.79773932, -87.61768022)
(41.98718954, -87.66017926)
(41.6537165, -87.60742827)
(41.74761527, -87.6059537)
(41.745394, -87.60016337)
(41.75730897, -87.63123223)
(41.76418343, -87.59276518)
(41.87274604, -87.70902504)
(41.78204443, -87.69591432)
(41.73937568, -87.60489984)
(41.94083677, -87.65777435)
(42.01860606, -87.67598872)
(41.66610995, -87.62948636)
(41.93998971, -87.64866064)
(41.90889865, -87.69208596)
(41.74669192, -87.66493284)
(41.92897772, -87.73312091)
(41.95109056, -87.6566147)
(41.7929829, -87.6171464)
(41.80806536, -87.70832563)
(41.94282655, -87.66390277)
(41.74277115, -87.6450876)
(41.73119634, -87.6604957)
(41.89656104, -87.63658498)
(41.74992914, -87.62579734)
(41.90393347, -87.62916894)
(41.89346903, -87.63264823)
(41.85110304, -87.6733644)
(41.85156042, -87.72385054)
(41.81424697, -87.62134455)
(41.92179216, -87.6962303)
(41.90374701, -87.70787823)
(41.87118325, -87.73192156)
(41.90979863, -87.65203628)
(41.89005157, -87.62891376)
(41.87390705, -87.72543009)
(41.9302836, -87.64364889)
(41.81846947, -87.72065359)
(41.89262841, -87.63115524)
(41.88917957, -87.63306237)
(41.73013272, -87.54620831)
(41.78830428, -87.66928967)
(41.93387907, -87.76998112)
(41.77784884, -87.59301127)
(41.88976335, -87.67467805)
(41.68126894, -87.64202403)
(41.93203174, -87.70787026)
(41.93268249, -87.74909496)
(41.9544828, -87.71660641)
(41.87716768, -87.68633725)
(41.78687386, -87.65555039)
(41.91956575, -87.75355772)
(41.76846302, -87.73103075)
(41.80270068, -87.66359553)
(41.80890316, -87.61813919)
(41.94151535, -87.7505581)
(41.80686273, -87.62277244)
(41.91765602, -87.68875026)
(41.84138758, -87.62353193)
(41.82121489, -87.62315309)
(41.92855738, -87.74468968)
(41.92480533, -87.69771795)
(41.8886761, -87.63691306)
(41.90136194, -87.62779767)
(41.76931587, -87.57394114)
(41.90832847, -87.67426315)
(41.69626613, -87.68378892)
(41.73323817, -87.55409865)
(41.77905346, -87.6617665)
(41.85428915, -87.73340862)
(41.77157825, -87.70900989)
(41.89367653, -87.63562833)
(41.97639944, -87.66961935)
(41.80930423, -87.63020625)
(41.91045745, -87.6789658)
(41.98172313, -87.76470471)
(41.88213959, -87.71104513)
(41.86942957, -87.6559934)
(41.89318953, -87.74412571)
(41.90846836, -87.67664595)
(41.71841821, -87.64556362)
(41.76113525, -87.63090097)
(41.89668507, -87.62768386)
(41.81085001, -87.74079825)
(41.85119029, -87.71620486)
(41.83668264, -87.73406848)
(41.87307587, -87.76460026)
(41.91904807, -87.69724599)
(41.91074006, -87.6324557)
(41.89801308, -87.71883601)
(41.72118063, -87.62371719)
(41.79513583, -87.66097154)
(41.89658837, -87.63475918)
(41.93835301, -87.64434114)
(41.83689616, -87.72353834)
(41.9519416, -87.64788205)
(41.77321966, -87.59777895)
(41.89026522, -87.63108931)
(41.93089188, -87.64075746)
(41.92058017, -87.64002754)
(41.91638097, -87.74732207)
(41.90283284, -87.74843044)
(41.88202925, -87.72684035)
(41.69348457, -87.62410591)
(41.91362217, -87.77411621)
(41.77714736, -87.65079142)
(41.77084083, -87.58257821)
(41.90841782, -87.67740693)
(41.88559161, -87.77393839)
(41.92534468, -87.71456839)
(41.79453381, -87.63143854)
(41.74502225, -87.7157312)
(41.90898657, -87.6525372)
(41.89256952, -87.62203265)
(41.74873943, -87.60147387)
(41.78290915, -87.77168956)
(41.87183733, -87.72636394)
(41.88346789, -87.75028166)
(41.80948264, -87.70402756)
(41.88566463, -87.7532547)
(41.80682546, -87.66173696)
(41.89256769, -87.6356)
(41.65683002, -87.61728093)
(41.89358871, -87.66233466)
(42.01849825, -87.67298323)
(41.89362301, -87.76534725)
(41.92972507, -87.64891006)
(41.80507086, -87.61135238)
(41.97310255, -87.6852753)
(41.71676041, -87.5929729)
(41.78078035, -87.65210214)
(41.89317959, -87.63468615)
(41.65500366, -87.61398586)
(41.89319324, -87.77508043)
(41.91965922, -87.74710469)
(41.90813335, -87.72079991)
(41.94065062, -87.65413015)
(41.87416764, -87.68623532)
(41.88710478, -87.66433792)
(41.73156466, -87.66294281)
(41.77719765, -87.69981918)
(41.8767202, -87.70108811)
(41.94481964, -87.78000432)
(41.90935592, -87.67829373)
(41.88206052, -87.62760243)
(41.78894078, -87.60495869)
(41.89005303, -87.6287044)
(42.01603527, -87.6689277)
(41.77593839, -87.61192484)
(41.75094076, -87.62518522)
(41.79453011, -87.63217935)
(41.73678359, -87.66187363)
(41.82791063, -87.6081752)
(41.89007854, -87.64834183)
(41.77793162, -87.61556875)
(41.76363555, -87.5836079)
(41.92091573, -87.64243066)
(41.85234649, -87.66534625)
(41.81840186, -87.61914509)
(41.97416777, -87.73806594)
(41.90244305, -87.74038196)
(41.77156255, -87.65307583)
(41.9658753, -87.66392627)
(41.90966152, -87.68232809)
(41.75310656, -87.56504711)
(41.98429372, -87.65307799)
(41.9538815, -87.64968105)
(41.68041843, -87.66243795)
(41.84706389, -87.64674925)
(41.83361097, -87.6559015)
(41.69283384, -87.60431945)
(41.76820015, -87.61290597)
(41.92924864, -87.71589773)
(41.89345898, -87.61634822)
(41.86677626, -87.72520027)
(41.90082031, -87.64572554)
(41.82175907, -87.70076324)
(41.86938727, -87.65859692)
(41.85816473, -87.7200289)
(41.94540862, -87.65358709)
(41.75438819, -87.56628523)
(41.98382368, -87.66039495)
(41.83773456, -87.7207084)
(41.89060931, -87.64761264)
(41.95638395, -87.70686749)
(41.75130996, -87.60306082)
(41.89715617, -87.72904434)
(41.73368581, -87.55495422)
(41.88705768, -87.64751474)
(41.75189694, -87.64892609)
(41.88226931, -87.74288936)
(41.91457374, -87.64837022)
(41.79454313, -87.72810224)
(41.70004215, -87.52576162)
(41.85798765, -87.65440722)
(41.92298699, -87.68758322)
(41.77866036, -87.69338142)
(41.8305125, -87.66476606)
(41.79052156, -87.65517827)
(41.88018642, -87.76853246)
(41.90446249, -87.64811831)
(41.79654235, -87.68899714)
(41.90492227, -87.66892016)
(41.89346903, -87.63264823)
(41.90158131, -87.62687692)
(41.90458818, -87.75582755)
(41.90449588, -87.62869623)
(41.79443927, -87.67431641)
(41.7309547, -87.56097713)
(41.76930663, -87.68826534)
(41.77022478, -87.64319593)
(41.83398822, -87.63278364)
(41.74968724, -87.54801068)
(41.72759012, -87.58502358)
(41.85409489, -87.66965937)
(41.87393943, -87.66178017)
(41.91547903, -87.71556018)
(41.89525826, -87.62816236)
(41.96097087, -87.72601512)
(41.96670177, -87.72309626)
(41.73642222, -87.58811963)
(41.75078272, -87.62581362)
(41.92798322, -87.78560331)
(41.89008097, -87.62699998)
(41.88570496, -87.74822313)
(41.77056446, -87.73352219)
(41.77918322, -87.61560246)
(41.78301135, -87.64609473)
(41.79191427, -87.64388008)
(41.82763777, -87.67400539)
(41.76661733, -87.67426399)
(41.93773952, -87.76041682)
(41.86657808, -87.62413446)
(41.77140553, -87.68089055)
(41.76203859, -87.6905117)
(41.97016973, -87.74557537)
(41.94495301, -87.64941621)
(41.93793794, -87.77620095)
(41.93145368, -87.63745488)
(41.75528912, -87.55619587)
(41.9453798, -87.70288403)
(41.76573639, -87.66381882)
(41.98559231, -87.78040543)
(41.7469855, -87.60142417)
(41.97629041, -87.90522722)
(41.75419867, -87.64972258)
(41.88039991, -87.75300855)
(41.78172067, -87.72528966)
(41.78078844, -87.70404055)
(41.89713181, -87.76790568)
(41.92961136, -87.70737206)
(41.85482707, -87.71123655)
(41.88537347, -87.74403962)
(41.75274281, -87.62636748)
(41.71922219, -87.63102793)
(41.74767234, -87.66458187)
(41.76260792, -87.66618253)
(41.74486386, -87.61354068)
(41.89445245, -87.75558095)
(41.75792175, -87.61669338)
(41.92011155, -87.70901183)
(41.90982617, -87.76558204)
(41.68422019, -87.65185498)
(41.96912079, -87.74491209)
(41.96544947, -87.72550561)
(41.74932898, -87.66583997)
(41.81515296, -87.66999919)
(41.96118454, -87.70855589)
(41.97791928, -87.7498622)
(41.94129748, -87.68630684)
(41.7712896, -87.60757422)
(42.01654009, -87.67033186)
(41.80749934, -87.59023448)
(41.6729625, -87.65271312)
(41.72073574, -87.637125)
(41.8920174, -87.62416531)
(41.92061497, -87.77591074)
(41.85857957, -87.62562879)
(41.75075773, -87.54924729)
(41.8012901, -87.66784261)
(41.93576723, -87.69452188)
(41.65589581, -87.59498041)
(41.68911257, -87.67239764)
(41.77583464, -87.61551514)
(41.78767681, -87.80008047)
(41.80346376, -87.74426628)
(41.87111274, -87.74801844)
(41.77447521, -87.59971495)
(41.96786996, -87.77750668)
(41.93845695, -87.70203336)
(41.91549197, -87.71439536)
(41.89348093, -87.65846093)
(41.87880078, -87.73129934)
(41.75094911, -87.62476002)
(41.93510639, -87.75248715)
(41.8897849, -87.6310762)
(41.80882008, -87.61143866)
(41.81020707, -87.68769744)
(41.74481864, -87.60505818)
(41.83293654, -87.7169233)
(41.74108637, -87.64010402)
(41.75140648, -87.71898294)
(41.84373835, -87.72574878)
(41.94729604, -87.651174)
(41.9440116, -87.77015659)
(41.8926318, -87.61836282)
(41.84419584, -87.72871719)
(41.84524947, -87.72091564)
(41.83498816, -87.65350546)
(41.8768879, -87.69617711)
(41.88229468, -87.65554173)
(41.76111894, -87.65886369)
(41.85800558, -87.65279921)
(41.68309097, -87.65488345)
(41.89317959, -87.63468615)
(41.97353938, -87.74232294)
(41.76624999, -87.57552784)
(41.87362057, -87.71139214)
(41.96538039, -87.65907415)
(41.9399189, -87.65336973)
(41.84369888, -87.63302271)
(41.75567515, -87.67510894)
(41.83794316, -87.72071375)
(41.88305558, -87.75122918)
(41.95079996, -87.67411623)
(41.88960296, -87.62959813)
(41.74524595, -87.54305925)
(41.82031429, -87.68966138)
(41.88870181, -87.64757061)
(41.81072902, -87.60172605)
(41.95328872, -87.75776301)
(41.90003075, -87.72255969)
(41.94082724, -87.70040743)
(41.97629041, -87.90522722)
(41.79174723, -87.65966848)
(41.74893839, -87.72189052)
(41.77998456, -87.630248)
(41.78701723, -87.6455056)
(41.77120081, -87.67005997)
(41.92307993, -87.76595694)
(41.84172063, -87.71228099)
(41.92602281, -87.7519081)
(41.75526342, -87.66842092)
(41.75890627, -87.67338262)
(41.75339926, -87.66027486)
(41.94041265, -87.68415089)
(41.87523613, -87.6330714)
(41.92442521, -87.68762751)
(42.01849825, -87.67298323)
(41.71191871, -87.63811013)
(41.96135877, -87.68552667)
(41.81416281, -87.60399435)
(41.96837036, -87.71644306)
(41.89655111, -87.7737289)
(41.77346127, -87.57583522)
(41.77254142, -87.64053528)
(41.92847616, -87.77344262)
(41.97907455, -87.81687553)
(41.71191871, -87.63811013)
(41.94309485, -87.64936256)
(41.92742305, -87.77980925)
(41.89691396, -87.66975983)
(41.82787561, -87.69720271)
(41.79969988, -87.61610339)
(41.86162183, -87.72870356)
(41.88457103, -87.7454278)
(41.81126725, -87.61219617)
(41.84341086, -87.73182939)
(41.7555007, -87.63441848)
(41.7205144, -87.6735668)
(41.84617442, -87.70018881)
(41.88013139, -87.64114062)
(41.7736403, -87.65313086)
(41.74179732, -87.5757971)
(42.01849825, -87.67298323)
(41.92137941, -87.67847207)
(41.94062497, -87.79821628)
(41.90760526, -87.76264808)
(41.79578749, -87.7330377)
(41.74746668, -87.5613106)
(41.81846947, -87.72065359)
(41.86904785, -87.62412552)
(41.74371369, -87.55417354)
(41.92479175, -87.69923205)
(41.74487094, -87.60378605)
(41.91546319, -87.65862251)
(41.83637172, -87.72919816)
(41.84419849, -87.72869881)
(41.76424945, -87.58432285)
(41.88539325, -87.66354785)
(41.74378374, -87.72173423)
(41.78217096, -87.73421334)
(42.01567483, -87.70081763)
(41.91000764, -87.7667634)
(41.91018816, -87.69994604)
(41.86611195, -87.72932209)
(41.88710144, -87.63249012)
(41.75036656, -87.66305139)
(41.99216986, -87.67334373)
(41.9357913, -87.73938955)
(41.97036519, -87.7256648)
(41.91098313, -87.68845369)
(41.71272093, -87.68181398)
(41.78375448, -87.62299097)
(41.86183091, -87.71285)
(41.88574029, -87.63159057)
(42.00791918, -87.66535113)
(41.80045355, -87.68666208)
(41.75433526, -87.57360101)
(41.92300516, -87.64535143)
(41.84404515, -87.70624333)
(41.84416581, -87.73083508)
(41.85481326, -87.68395277)
(41.74675068, -87.62126631)
(41.74209341, -87.64099459)
(41.757631, -87.58570825)
(41.937837, -87.64432464)
(41.93318575, -87.75964537)
(41.88008194, -87.67233922)
(41.77293404, -87.70299921)
(41.8475481, -87.71000414)
(41.73601171, -87.64780875)
(41.75830987, -87.5585271)
(41.90711328, -87.68836773)
(41.72222091, -87.59286626)
(41.76908318, -87.72373743)
(41.95125457, -87.77315877)
(41.90468595, -87.72636516)
(41.88553399, -87.66698375)
(41.88237209, -87.62784137)
(41.79776493, -87.71470796)
(41.74497171, -87.59678229)
(41.97288422, -87.76974786)
(41.89000593, -87.71230564)
(41.91000536, -87.71575991)
(41.76224924, -87.60400341)
(41.69937177, -87.62687911)
(41.83543451, -87.6547337)
(41.78239374, -87.66184898)
(41.87193462, -87.69966662)
(42.01036562, -87.66464481)
(41.79158884, -87.78177884)
(41.90087042, -87.6241849)
(41.88774285, -87.7577825)
(41.95754541, -87.70900321)
(41.78388915, -87.69108547)
(41.69378302, -87.61340382)
(41.64971015, -87.53624049)
(41.8820251, -87.69271827)
(41.67320797, -87.61767411)
(41.92607863, -87.66674206)
(41.89499333, -87.74697036)
(41.80752649, -87.61873404)
(41.81850377, -87.61261391)
(41.69522655, -87.64246776)
(41.8788296, -87.72894898)
(41.99634813, -87.69350068)
(41.7493674, -87.66583957)
(41.85743263, -87.67599001)
(42.00861253, -87.66189989)
(41.74428093, -87.72544149)
(41.99456935, -87.65889122)
(41.90609717, -87.62535403)
(41.88080179, -87.62551582)
(41.99782252, -87.68434764)
(41.80912527, -87.63190651)
(41.75011132, -87.64403074)
(41.73837865, -87.72974741)
(41.88155072, -87.66109825)
(41.88314073, -87.76660788)
(41.78952405, -87.69124191)
(41.85967742, -87.62565339)
(41.90839049, -87.63462318)
(41.80848411, -87.74073569)
(41.77809913, -87.63382853)
(41.76918685, -87.57393533)
(41.78243269, -87.66429047)
(41.98143335, -87.8069408)
(41.73645697, -87.55002214)
(41.78103689, -87.68700386)
(41.98346116, -87.76711675)
(41.85576176, -87.68183619)
(41.92727389, -87.70446978)
(41.72194854, -87.61086603)
(41.80411598, -87.58647747)
(41.88407304, -87.72205435)
(41.91697398, -87.7425512)
(41.93200961, -87.70935153)
(41.76643811, -87.65293569)
(41.84057475, -87.72377865)
(41.75773799, -87.61145067)
(41.95586446, -87.6545826)
(41.93989795, -87.65493205)
(41.87519052, -87.73152416)
(41.79290166, -87.75139653)
(41.79417254, -87.70357593)
(41.98131332, -87.88254865)
(41.83543755, -87.65107881)
(41.75220388, -87.60036074)
(41.94729796, -87.6510343)
(41.90974068, -87.67647127)
(41.98335789, -87.80533236)
(41.94007773, -87.64228265)
(41.98131332, -87.88254865)
(41.99715443, -87.65843351)
(41.80703822, -87.61261772)
(41.91049491, -87.676875)
(41.92976428, -87.79665701)
(41.87707891, -87.69007616)
(41.82154385, -87.69955468)
(41.8720586, -87.68743886)
(41.96682898, -87.77055871)
(41.8127463, -87.70415702)
(41.73853835, -87.66678345)
(41.75931344, -87.64182478)
(41.98131332, -87.88254865)
(41.94009123, -87.64133422)
(41.96882863, -87.67350383)
(41.98131332, -87.88254865)
(42.01457395, -87.66443146)
(41.88549643, -87.61698445)
(41.87834585, -87.70930836)
(41.78913051, -87.7034346)
(41.73045326, -87.59618981)
(41.77503776, -87.72105245)
(41.95842992, -87.70815632)
(41.91401764, -87.68590643)
(41.91095661, -87.67747279)
(41.75071089, -87.58165844)
(41.98110676, -87.83776061)
(41.97414856, -87.73806612)
(41.86570636, -87.72010735)
(41.89005157, -87.62891376)
(41.74941433, -87.65977412)
(41.92527195, -87.65970977)
(41.81794627, -87.61167368)
(41.80615577, -87.6441162)
(41.93022424, -87.70402553)
(41.75156552, -87.65134102)
(41.89859614, -87.75392374)
(41.73634572, -87.58563641)
(41.87953272, -87.71923342)
(41.88539325, -87.66354785)
(41.73775077, -87.60485591)
(41.94384413, -87.64938028)
(41.88332464, -87.76661727)
(41.897553, -87.68750526)
(41.68510946, -87.63994375)
(41.84454117, -87.70310793)
(41.7830135, -87.73632843)
(41.89395155, -87.76352993)
(41.74530009, -87.57221613)
(41.90648959, -87.64019839)
(41.94442376, -87.6578247)
(41.88679059, -87.72893638)
(41.90320325, -87.62734026)
(41.757631, -87.58570825)
(41.72595163, -87.6627887)
(41.87449704, -87.71412645)
(41.79179759, -87.69788592)
(41.9392116, -87.71769818)
(41.89550508, -87.71174182)
(41.83030276, -87.68320619)
(41.73634572, -87.58563641)
(41.84657192, -87.68632631)
(41.67610622, -87.63150785)
(41.73272827, -87.62142853)
(41.966054, -87.6578904)
(41.81225243, -87.62453964)
(41.9417486, -87.66871808)
(41.97828822, -87.67213001)
(41.70413215, -87.64846975)
(41.75377084, -87.64654967)
(41.7732085, -87.70300385)
(41.9983683, -87.65999524)
(41.8820065, -87.72877215)
(41.80844523, -87.68089632)
(41.88454201, -87.77479953)
(41.93857251, -87.76680098)
(41.82569364, -87.60433312)
(41.72701547, -87.5997496)
(41.86132017, -87.70421703)
(41.92095365, -87.71604752)
(41.84419592, -87.72873187)
(41.92841317, -87.6887118)
(41.89446573, -87.62424106)
(41.8735452, -87.76461446)
(41.77221818, -87.6623657)
(41.70178572, -87.5651237)
(41.94255892, -87.64007619)
(41.99837571, -87.67070071)
(41.72276838, -87.62441036)
(41.75459296, -87.74152854)
(41.88541227, -87.66257447)
(41.87707843, -87.72628497)
(41.80312101, -87.74058706)
(41.66990883, -87.64044363)
(41.66005937, -87.63409742)
(41.8890888, -87.66952865)
(41.97662793, -87.67642427)
(41.87760112, -87.68194122)
(41.89317959, -87.63468615)
(41.84603188, -87.69773489)
(41.89656689, -87.6361919)
(41.75582219, -87.61140617)
(41.97606013, -87.67742674)
(41.75130534, -87.60362891)
(41.97889151, -87.70378195)
(41.74936079, -87.6107603)
(41.74869921, -87.60637755)
(41.73084642, -87.57313414)
(41.76972749, -87.58354796)
(41.76480209, -87.57694143)
(41.7905363, -87.65395702)
(41.90440924, -87.66752221)
(41.89367653, -87.63562833)
(41.87806239, -87.74342747)
(41.99504862, -87.68979453)
(41.83095408, -87.63070323)
(41.89001352, -87.631665)
(41.92127321, -87.69469586)
(41.90393322, -87.62912854)
(41.87422347, -87.66060958)
(41.65320955, -87.53867094)
(41.68502167, -87.61800815)
(41.74689694, -87.71324337)
(41.78509806, -87.61574549)
(41.87503564, -87.74399139)
(41.88570208, -87.64203164)
(41.98364915, -87.65871224)
(41.79346636, -87.70692361)
(41.9107674, -87.65808415)
(41.91021457, -87.69727859)
(41.74350386, -87.60501807)
(41.84449723, -87.70661326)
(41.92479775, -87.6983317)
(41.81607813, -87.60917078)
(41.98443824, -87.65663683)
(41.80178091, -87.70379485)
(41.93559948, -87.76271098)
(41.74202246, -87.73066965)
(41.93222647, -87.74416716)
(41.81759626, -87.61318537)
(41.7587551, -87.58723457)
(41.93082005, -87.72082913)
(41.88482857, -87.74910882)
(41.87187744, -87.70474137)
(41.88975195, -87.63107289)
(41.92315564, -87.78723201)
(41.76016295, -87.56639972)
(41.906276, -87.67001188)
(41.94503968, -87.65477462)
(41.93994326, -87.651925)
(41.86569762, -87.71540453)
(41.95827833, -87.75243854)
(42.01291539, -87.67468582)
(41.92494791, -87.70067832)
(41.89020304, -87.76521595)
(41.87856106, -87.74810103)
(41.74805893, -87.66216658)
(41.74349655, -87.73600208)
(41.85485555, -87.65147447)
(41.93802038, -87.63742025)
(41.80354398, -87.73325505)
(41.94925203, -87.68711602)
(41.88145568, -87.64734698)
(41.90219844, -87.68061131)
(41.89005157, -87.62891376)
(41.75514658, -87.6672017)
(41.75053814, -87.63427809)
(41.790587, -87.71644912)
(41.91160956, -87.67936551)
(41.83721091, -87.64381979)
(41.90393572, -87.6290881)
(41.8225293, -87.69464711)
(42.01849731, -87.67904795)
(41.88772805, -87.66251352)
(41.94776358, -87.64950013)
(41.7489433, -87.69503989)
(41.76017842, -87.56215153)
(41.75460118, -87.57605337)
(41.89364666, -87.63117714)
(41.78490919, -87.60969763)
(41.88010804, -87.64730998)
(41.97262306, -87.72451438)
(41.75632315, -87.56632083)
(41.98033924, -87.80116822)
(41.78041964, -87.66545164)
(42.01705373, -87.6804685)
(41.89670179, -87.62638709)
(41.93648634, -87.6451551)
(41.90168089, -87.62834515)
(41.87434958, -87.72608315)
(41.89262841, -87.63115524)
(41.78971539, -87.65111648)
(41.74486898, -87.66528155)
(41.76452725, -87.6358637)
(41.90223355, -87.67235691)
(41.93945149, -87.72719703)
(41.85326345, -87.70529805)
(41.86693243, -87.73560705)
(41.83561358, -87.65022194)
(41.75804199, -87.63668894)
(41.97816839, -87.69656235)
(41.93895473, -87.73767315)
(41.90335438, -87.66686461)
(41.88462839, -87.76333735)
(41.73699523, -87.5444611)
(41.77688478, -87.66541499)
(41.87794961, -87.70358395)
(41.78084531, -87.65939396)
(41.85085702, -87.6697222)
(41.85409836, -87.66931062)
(41.91134384, -87.63471588)
(41.87876279, -87.76643359)
(41.89593155, -87.64003709)
(41.87876279, -87.76643359)
(41.76744896, -87.58595717)
(41.91116022, -87.63520651)
(41.70843896, -87.61623608)
(41.70843896, -87.61623608)
(41.87710159, -87.72443778)
(41.75026029, -87.65615923)
(41.93517138, -87.74745513)
(41.90933508, -87.6970375)
(41.87263028, -87.7185982)
(41.93243061, -87.66658772)
(41.77146769, -87.71648571)
(41.88387365, -87.68567835)
(41.87990151, -87.69625367)
(41.87444961, -87.76161027)
(41.99843621, -87.67072216)
(41.66797565, -87.63435947)
(41.8332281, -87.68513972)
(41.90287766, -87.7019652)
(41.81561705, -87.68983314)
(41.82681709, -87.61803157)
(41.90212271, -87.76717106)
(41.67525343, -87.60169569)
(41.88025141, -87.62615717)
(41.95337593, -87.75057138)
(41.83424845, -87.62332093)
(41.76927362, -87.68581328)
(41.81615225, -87.60917361)
(41.88479086, -87.68190859)
(41.82423565, -87.63377417)
(41.70524973, -87.61005325)
(41.90316534, -87.62921044)
(41.74439008, -87.6669318)
(41.89402965, -87.74903599)
(41.75111957, -87.61464717)
(41.94495301, -87.64941621)
(41.76479251, -87.67524669)
(41.76220193, -87.56311328)
(41.75065509, -87.64318204)
(41.93234331, -87.72086968)
(41.77976579, -87.71127328)
(41.70010446, -87.5607715)
(41.70716546, -87.69484537)
(41.85967742, -87.62565339)
(41.92034923, -87.68504876)
(41.97676298, -87.90098372)
(41.7598554, -87.56760557)
(42.01938277, -87.67266127)
(41.75181585, -87.56000514)
(41.75740583, -87.64177196)
(41.90193135, -87.71059219)
(41.85375181, -87.63856207)
(41.77734953, -87.62525039)
(41.94382121, -87.67121812)
(41.95406038, -87.68525501)
(41.79350999, -87.70386112)
(41.74574712, -87.60823939)
(41.9379528, -87.71122686)
(41.88998055, -87.71472249)
(41.89666404, -87.62917534)
(41.67896139, -87.67098968)
(41.96115121, -87.711516)
(41.68552733, -87.60284967)
(41.83469081, -87.61370565)
(41.90335438, -87.66686461)
(41.89005157, -87.62891376)
(41.85268345, -87.63480401)
(41.9435449, -87.65584173)
(41.92635185, -87.70297219)
(41.86349793, -87.70802102)
(41.89661591, -87.76958514)
(41.90487865, -87.67039369)
(41.88654455, -87.66474039)
(41.88945317, -87.62799483)
(41.82505107, -87.61823835)
(41.75122154, -87.55652345)
(41.90979328, -87.67655155)
(41.87787643, -87.76477435)
(41.76301619, -87.58584367)
(41.87777365, -87.65812316)
(41.90435244, -87.73444998)
(41.88773158, -87.76543984)
(41.7541496, -87.65301418)
(41.97489154, -87.69060429)
(41.66811558, -87.63797405)
(41.90001777, -87.62342663)
(41.8751323, -87.67060572)
(41.78463053, -87.62220398)
(41.90989589, -87.72558839)
(41.76604823, -87.57906382)
(41.85282962, -87.63356913)
(41.97854897, -87.67213835)
(41.75891572, -87.57280662)
(41.70111922, -87.6073934)
(41.93515633, -87.63938456)
(41.74439008, -87.6669318)
(41.82876229, -87.61443616)
(41.71375388, -87.64298726)
(41.87531969, -87.72117575)
(41.73096255, -87.56583493)
(41.8038661, -87.67578961)
(41.65589581, -87.59498041)
(41.73117138, -87.55405036)
(41.79453381, -87.63143854)
(41.68487636, -87.65747862)
(41.76133467, -87.65961648)
(41.88122442, -87.68258377)
(41.84379847, -87.7037905)
(41.91117014, -87.63188155)
(41.8081478, -87.66496197)
(41.8809334, -87.70925748)
(41.69943667, -87.60345027)
(41.79512097, -87.66218555)
(41.92073195, -87.76951989)
(41.99629031, -87.69593292)
(41.74291958, -87.58288157)
(41.78705944, -87.64293474)
(41.73777072, -87.64366442)
(41.73001832, -87.61856427)
(41.89367653, -87.63562833)
(41.80800957, -87.66008868)
(41.91227143, -87.7656118)
(41.9407312, -87.68808419)
(41.9250867, -87.71456353)
(41.76328051, -87.61523723)
(41.88816513, -87.62293721)
(41.89937764, -87.75817025)
(41.77637258, -87.69454068)
(41.72932494, -87.60646413)
(41.77212534, -87.66953355)
(41.92607694, -87.63913387)
(41.88897692, -87.72100865)
(41.87802884, -87.77458085)
(41.87047529, -87.74357434)
(41.938205, -87.74931654)
(41.93513613, -87.75023395)
(41.87587609, -87.71083785)
(41.79915889, -87.652575)
(41.89875767, -87.74253914)
(41.86609975, -87.66001557)
(42.00155074, -87.65938775)
(41.88975195, -87.63107289)
(41.94308388, -87.64936267)
(41.78210246, -87.6861682)
(41.7776947, -87.60712805)
(41.80983255, -87.66256755)
(41.97584743, -87.69519534)
(41.91814933, -87.69650169)
(41.90315587, -87.71885282)
(41.88547988, -87.71419302)
(41.7328144, -87.58278305)
(41.88817016, -87.62954775)
(41.90393322, -87.62912854)
(41.86548324, -87.72149354)
(41.87047317, -87.74369552)
(41.85595733, -87.71881296)
(41.77907344, -87.61560001)
(41.90942226, -87.6759749)
(41.83748901, -87.64626446)
(41.92504267, -87.76110368)
(41.7796184, -87.65376796)
(41.74386762, -87.70222825)
(41.87920284, -87.62611365)
(42.01259811, -87.67678285)
(41.78313137, -87.66268825)
(41.95355259, -87.64790523)
(41.78313137, -87.66268825)
(41.72216016, -87.65783533)
(41.84010623, -87.72443632)
(41.7870312, -87.74538477)
(41.91007391, -87.65310611)
(41.77870384, -87.6738946)
(42.01824468, -87.69018631)
(41.78467457, -87.64612463)
(41.84733248, -87.64623255)
(41.70194588, -87.66968091)
(41.73693875, -87.54582843)
(41.75149229, -87.58659673)
(41.89831934, -87.70494126)
(41.80312149, -87.60945973)
(41.76266589, -87.62810225)
(41.78704317, -87.61741051)
(41.66032634, -87.55319609)
(41.83923285, -87.6414421)
(41.90898657, -87.6525372)
(41.88442467, -87.64454995)
(41.74679763, -87.60511277)
(42.00247798, -87.81646188)
(41.89000192, -87.76118882)
(41.85163211, -87.71773854)
(41.77168605, -87.70212061)
(41.91894773, -87.65339767)
(41.89396448, -87.63604758)
(41.69880079, -87.56075414)
(41.99498787, -87.68242673)
(41.95434995, -87.71537611)
(41.85378827, -87.63012301)
(41.92905593, -87.71833972)
(41.88320944, -87.76496209)
(41.93944442, -87.68959677)
(41.87667013, -87.75402637)
(41.96824985, -87.72730653)
(41.90388001, -87.69563698)
(41.90312915, -87.70679693)
(41.80846818, -87.61264938)
(41.66047178, -87.55198302)
(41.94025133, -87.64927533)
(41.7740099, -87.60335328)
(41.8932409, -87.63034418)
(41.85860906, -87.65090599)
(41.84912354, -87.71004757)
(41.9684711, -87.70666818)
(41.99721593, -87.72232657)
(41.75856962, -87.55594738)
(41.88296515, -87.76495324)
(41.76156264, -87.57926664)
(41.91710231, -87.68739637)
(41.91634632, -87.68667284)
(41.81583395, -87.73136115)
(41.80821268, -87.66009389)
(41.90802185, -87.76586253)
(41.8104924, -87.74812678)
(41.80654069, -87.61951892)
(41.89334686, -87.62347847)
(41.89367684, -87.63117681)
(42.01260212, -87.67652523)
(41.7746266, -87.59294201)
(41.82965153, -87.6144519)
(41.90720242, -87.71914097)
(41.96598949, -87.70350452)
(41.878639, -87.62769149)
(41.88025141, -87.62615717)
(41.83055261, -87.66129453)
(41.76110941, -87.6443089)
(41.7889313, -87.59019595)
(42.01447512, -87.8188008)
(41.92880851, -87.66616241)
(41.89644231, -87.65572273)
(41.76155262, -87.6449969)
(41.88025287, -87.69924661)
(41.94725226, -87.65350869)
(41.87975416, -87.72630004)
(41.71928177, -87.64725034)
(41.87836594, -87.76332324)
(41.77250083, -87.64291125)
(41.88479642, -87.75522727)
(41.89367653, -87.63562833)
(41.79619623, -87.74040516)
(41.77632378, -87.72758433)
(41.73301373, -87.60350258)
(41.90943667, -87.76064426)
(41.78627901, -87.70140181)
(41.8435621, -87.64215515)
(41.74503436, -87.61799099)
(42.00106499, -87.66125447)
(41.89001171, -87.65511493)
(41.89299498, -87.75607156)
(41.96823882, -87.72833624)
(41.90178261, -87.66745399)
(41.9242483, -87.74563692)
(41.77228548, -87.62511546)
(41.91291221, -87.66775348)
(41.71903168, -87.62859784)
(41.71908933, -87.62860087)
(41.81031286, -87.61536144)
(41.90209709, -87.63493056)
(41.93784068, -87.75269389)
(41.65658223, -87.60233154)
(41.85102174, -87.61895485)
(41.9623987, -87.64632499)
(41.9790063, -87.90646316)
(41.85268013, -87.63200711)
(41.77884539, -87.6642031)
(41.93343622, -87.64539737)
(41.84996661, -87.6393261)
(41.77993011, -87.59148045)
(41.89851621, -87.63724693)
(41.7294219, -87.55953376)
(41.75833723, -87.57247626)
(41.65143133, -87.52725823)
(41.88906245, -87.64638417)
(41.85198872, -87.68918976)
(42.01849825, -87.67298323)
(41.78329592, -87.60845081)
(41.76872374, -87.61412813)
(41.75071345, -87.60031906)
(41.9753253, -87.66657813)
(41.90335438, -87.66686461)
(41.85734011, -87.66613122)
(41.77321966, -87.59777895)
(41.79445955, -87.72319631)
(41.68812651, -87.64467817)
(41.89842795, -87.69923948)
(41.81161, -87.66383286)
(41.77601854, -87.61552043)
(41.75579713, -87.63442626)
(41.90063855, -87.66608473)
(41.79539589, -87.6646214)
(41.79553563, -87.77337263)
(41.89600704, -87.63123209)
(41.94235539, -87.71749518)
(41.76324878, -87.65332126)
(41.86294431, -87.70714534)
(41.72461774, -87.66276227)
(41.87822966, -87.62672659)
(41.90979657, -87.67377413)
(41.89367653, -87.63562833)
(41.75284147, -87.71892895)
(41.88138649, -87.67204302)
(41.77464488, -87.69327837)
(41.98561072, -87.66330761)
(41.84728507, -87.70755866)
(41.84688505, -87.63213647)
(41.78693241, -87.62388725)
(41.70561531, -87.60536527)
(41.77923493, -87.68524012)
(41.79446531, -87.72687446)
(41.90311021, -87.75989632)
(41.84369082, -87.73183778)
(41.78305476, -87.73266149)
(41.90437121, -87.66806261)
(41.72615234, -87.57252276)
(41.91179757, -87.71835846)
(41.97555926, -87.65498767)
(41.88365655, -87.74906441)
(41.90839638, -87.67653648)
(41.88325853, -87.73465802)
(41.88998416, -87.71437355)
(41.88544422, -87.70209648)
(41.78999363, -87.64991078)
(41.93190362, -87.71767658)
(41.66047537, -87.64619516)
(41.82087262, -87.63131239)
(41.69416788, -87.61219489)
(41.88917944, -87.63304033)
(41.92171514, -87.66860634)
(41.96062764, -87.83797448)
(41.96386581, -87.67089664)
(41.89090028, -87.62635558)
(41.88062687, -87.69394404)
(41.90422166, -87.66782906)
(41.92980543, -87.77591893)
(41.9930594, -87.68158191)
(41.9116839, -87.74591752)
(41.86133518, -87.62569018)
(41.93572152, -87.72708902)
(41.87252379, -87.69851891)
(41.75348388, -87.70026864)
(41.81407895, -87.63465139)
(41.8548824, -87.70778193)
(41.72292099, -87.6286982)
(41.78656937, -87.6449567)
(41.96162806, -87.66641945)
(41.91610085, -87.73979996)
(41.80779049, -87.66251182)
(41.85258359, -87.69546771)
(41.72586715, -87.65913727)
(41.7660945, -87.68074642)
(41.98863081, -87.81282937)
(41.76314393, -87.61842033)
(41.92489903, -87.68794977)
(41.9257642, -87.64920963)
(41.95056919, -87.76326125)
(41.75211638, -87.71933166)
(41.65373416, -87.59554666)
(41.95600739, -87.72928649)
(41.89224208, -87.74882457)
(41.87758505, -87.62766636)
(41.90276245, -87.63288458)
(41.99999997, -87.68994331)
(41.7549043, -87.56508065)
(41.86427448, -87.65995762)
(41.80049811, -87.73121131)
(41.78040318, -87.66545181)
(41.88999676, -87.6329653)
(41.75671578, -87.56511769)
(41.75039691, -87.65373544)
(41.82332006, -87.6232032)
(41.98542906, -87.7150499)
(41.91459687, -87.69921907)
(41.87092576, -87.70887019)
(41.96972235, -87.70364058)
(41.82356072, -87.63786862)
(41.81041311, -87.6656537)
(41.91494154, -87.67512833)
(41.93997613, -87.64960539)
(41.75097178, -87.62398652)
(41.94725226, -87.65350869)
(41.90941443, -87.69452385)
(41.94041597, -87.71253714)
(41.74712874, -87.60021692)
(41.71886163, -87.66207488)
(41.71811879, -87.65381922)
(41.95471994, -87.65455063)
(41.79515548, -87.70116427)
(41.94268445, -87.65419311)
(41.86241882, -87.71347575)
(41.76856204, -87.66318093)
(42.00707008, -87.66139364)
(41.81673392, -87.61133512)
(41.91624491, -87.80109847)
(41.67317804, -87.62036476)
(41.8724596, -87.73354716)
(41.84325989, -87.73182347)
(41.87495289, -87.719806)
(41.7666758, -87.63718204)
(41.96234965, -87.76760887)
(41.67319178, -87.62036827)
(41.89264458, -87.71257023)
(41.76965478, -87.59009589)
(41.74939621, -87.58163346)
(41.88805763, -87.62954531)
(41.95226151, -87.68403434)
(41.77939629, -87.63503532)
(41.80341343, -87.58605284)
(41.94688568, -87.67681057)
(41.87646228, -87.63073739)
(41.91898237, -87.78163853)
(41.7815217, -87.61565704)
(41.87755091, -87.75618119)
(41.77887716, -87.70884011)
(41.71568925, -87.6018343)
(41.92821669, -87.71997207)
(41.77860293, -87.68850949)
(41.74661894, -87.6212641)
(41.74301634, -87.60257585)
(41.9432234, -87.76005162)
(41.7433517, -87.60137017)
(41.76778941, -87.71887432)
(41.91288333, -87.67751919)
(41.75134208, -87.56137777)
(41.91652067, -87.63808008)
(41.86915411, -87.70405211)
(41.88317155, -87.74170225)
(41.87292494, -87.74499112)
(41.75099137, -87.62227122)
(42.02177727, -87.66676283)
(41.65861957, -87.60552152)
(41.88628846, -87.76996974)
(41.78078225, -87.63867204)
(41.73491913, -87.55552553)
(41.85219652, -87.72477681)
(41.89740288, -87.67221573)
(41.73693038, -87.58439122)
(41.6544226, -87.60755573)
(41.88816513, -87.62293721)
(41.73507387, -87.54441134)
(41.77192018, -87.72258879)
(41.90173368, -87.70053652)
(41.87968209, -87.66820125)
(41.78288794, -87.68530233)
(42.0158467, -87.80658719)
(41.9460213, -87.65556555)
(41.9098223, -87.69089742)
(41.76606424, -87.57690828)
(41.87321963, -87.67586867)
(41.66147823, -87.63410403)
(41.760719, -87.67220948)
(41.68421548, -87.66037035)
(41.94172119, -87.73508917)
(41.79965064, -87.60392421)
(41.74984161, -87.70266081)
(41.89009224, -87.68667694)
(41.75251984, -87.58088971)
(41.85539464, -87.61520248)
(41.78424727, -87.71433193)
(41.76345428, -87.56530489)
(41.65562159, -87.61713331)
(41.86630458, -87.62162265)
(41.68107414, -87.63477051)
(41.91871165, -87.76551063)
(41.90176267, -87.67112386)
(41.83660077, -87.61677038)
(41.71353107, -87.62486715)
(41.90942226, -87.6759749)
(41.9554364, -87.67965292)
(41.86390055, -87.72266505)
(41.8830775, -87.74960217)
(41.80128203, -87.66881827)
(41.84400018, -87.6284429)
(41.8401197, -87.7207774)
(41.86675858, -87.62581394)
(41.84400018, -87.6284429)
(41.69237744, -87.64056137)
(41.771308, -87.60657689)
(41.92002261, -87.6787505)
(41.76003489, -87.68556163)
(41.9034529, -87.62866729)
(41.80880776, -87.6244419)
(41.96594564, -87.76838233)
(41.75472304, -87.56629224)
(41.90715332, -87.63968057)
(41.75148473, -87.66185238)
(41.91405534, -87.63339672)
(41.86803572, -87.72155365)
(41.86935159, -87.7454608)
(41.95328642, -87.66419036)
(41.87957735, -87.71222302)
(41.78106637, -87.76917213)
(41.86366317, -87.717781)
(41.73202594, -87.60873078)
(41.9415824, -87.66466928)
(41.83560444, -87.63591449)
(41.87850659, -87.63521319)
(41.77074564, -87.72621813)
(41.992532, -87.7547132)
(41.89367653, -87.63562833)
(41.87701852, -87.73106271)
(41.76971364, -87.66394976)
(41.74397044, -87.58579712)
(41.85981891, -87.71888979)
(41.81020707, -87.68769744)
(41.98577696, -87.71036791)
(41.80954055, -87.60601653)
(41.78142499, -87.60595303)
(41.85668767, -87.68202869)
(41.86058928, -87.62399874)
(41.89499721, -87.69668032)
(41.75660479, -87.57609578)
(41.9023658, -87.71685473)
(41.86726481, -87.71391723)
(41.90309491, -87.68287235)
(41.71756037, -87.64851035)
(41.72883584, -87.60463426)
(41.87948007, -87.73053285)
(41.91164922, -87.63982294)
(41.89563798, -87.77387277)
(41.88377824, -87.62623579)
(41.92909774, -87.7256781)
(41.69237744, -87.64056137)
(41.78497192, -87.61444524)
(41.88059673, -87.73679067)
(41.75050083, -87.63671918)
(41.96037669, -87.69243411)
(41.87936466, -87.75614284)
(41.67164714, -87.64657781)
(41.91042599, -87.68067078)
(41.92369407, -87.64445478)
(41.90431658, -87.66385704)
(41.87655804, -87.76288399)
(41.86683225, -87.6392355)
(41.83069725, -87.61447689)
(41.81081593, -87.74324155)
(41.76180913, -87.59695997)
(41.75667207, -87.56268829)
(41.90723394, -87.69325614)
(41.72530068, -87.60455698)
(41.82362872, -87.63280119)
(41.83787931, -87.60841496)
(41.77305223, -87.68091052)
(41.70884525, -87.56693674)
(41.87294673, -87.68970269)
(41.93633564, -87.65071012)
(41.90158213, -87.66412437)
(41.94060887, -87.75038257)
(41.93550077, -87.70994964)
(41.96371461, -87.70954968)
(41.73789999, -87.57573299)
(41.97189669, -87.76926747)
(41.74551216, -87.5988978)
(41.96332887, -87.76307766)
(41.90935592, -87.67829373)
(41.79965869, -87.72089149)
(41.77220121, -87.70298072)
(42.01281058, -87.66462656)
(41.76516269, -87.62489689)
(41.89779487, -87.67309323)
(41.79912322, -87.65257538)
(41.7492532, -87.56376281)
(41.86163742, -87.65485686)
(41.86391976, -87.72266487)
(41.8910671, -87.62804686)
(41.89082499, -87.63018336)
(41.98005914, -87.77174786)
(41.79494714, -87.73344893)
(41.79329893, -87.66456619)
(41.72704784, -87.57182349)
(41.75500191, -87.65142925)
(41.87958286, -87.71171989)
(41.69774147, -87.64861446)
(41.96572562, -87.65479048)
(41.90432296, -87.62869078)
(41.90956146, -87.75108028)
(41.77514028, -87.59004356)
(41.8776081, -87.73782091)
(41.79490986, -87.67311241)
(41.88550221, -87.69718958)
(41.87491516, -87.72302653)
(41.96133366, -87.73028406)
(41.90112067, -87.69538894)
(41.95388558, -87.65453007)
(41.74397044, -87.58579712)
(41.75463832, -87.56265398)
(41.75152891, -87.54804686)
(41.76985558, -87.66759575)
(41.77898011, -87.61559739)
(41.92455327, -87.80440643)
(41.96071233, -87.76724833)
(41.88491975, -87.64978877)
(41.7057734, -87.53891389)
(41.76366417, -87.70156878)
(41.72710434, -87.56876025)
(41.75274099, -87.5955244)
(41.88975195, -87.63107289)
(41.77757754, -87.61555804)
(41.90715332, -87.63968057)
(41.94364016, -87.64784968)
(41.89923834, -87.75447626)
(41.79221937, -87.68399455)
(41.72031002, -87.53891069)
(41.75288683, -87.5662518)
(41.90961629, -87.74675573)
(41.81020535, -87.68788086)
(41.69544747, -87.62200091)
(41.77961713, -87.60043728)
(41.83511727, -87.65911479)
(41.69918463, -87.64259383)
(41.93067669, -87.72328172)
(41.74687172, -87.60511193)
(41.83087114, -87.63150037)
(41.74570882, -87.72664095)
(41.86017527, -87.70914733)
(41.90044956, -87.7525038)
(41.86904785, -87.62412552)
(41.89408322, -87.61523937)
(41.75212065, -87.55192065)
(41.92197387, -87.69732716)
(41.89672907, -87.62457966)
(41.88798287, -87.77358333)
(41.89567514, -87.62856915)
(41.71730254, -87.62856179)
(41.73641589, -87.6204242)
(41.80200707, -87.62216225)
(41.91266175, -87.68198165)
(41.97382173, -87.83922925)
(41.75266099, -87.58443194)
(41.91759812, -87.68577471)
(41.75361304, -87.7154253)
(41.76918117, -87.62592308)
(41.85070248, -87.73447719)
(41.73410504, -87.59050954)
(41.89256982, -87.62208039)
(41.74091515, -87.64862134)
(41.89037775, -87.63109175)
(41.68893483, -87.62460987)
(41.90100164, -87.62990275)
(41.88005134, -87.75354049)
(41.8065022, -87.62438296)
(41.81671378, -87.61249825)
(41.84710344, -87.71608632)
(41.85183671, -87.68073451)
(41.99109532, -87.70184823)
(41.8123816, -87.64076641)
(41.7167155, -87.64673555)
(41.82093271, -87.60137145)
(41.79472955, -87.62044211)
(41.75216659, -87.6039893)
(41.88541366, -87.70503102)
(41.8120621, -87.68524312)
(41.88620813, -87.6162567)
(41.75048386, -87.58724607)
(41.70768219, -87.53044158)
(41.87731868, -87.64664949)
(41.94393838, -87.68696383)
(41.93010883, -87.80646629)
(41.89318177, -87.6345943)
(41.87939118, -87.63311417)
(41.75926639, -87.67973071)
(41.93908717, -87.74687532)
(41.77657308, -87.69210801)
(41.8846185, -87.72090338)
(41.79633326, -87.58902126)
(41.9365721, -87.64070703)
(41.91956036, -87.73275355)
(41.96109178, -87.71626693)
(41.84618006, -87.71891387)
(41.72458479, -87.66275895)
(41.91922562, -87.64248563)
(41.81252454, -87.71130857)
(41.76427498, -87.581929)
(41.93910209, -87.72650935)
(41.78058519, -87.67272407)
(41.65685141, -87.60756506)
(41.93438208, -87.80597539)
(41.75101753, -87.62073541)
(41.77804747, -87.58638773)
(41.87503734, -87.74378943)
(41.86578322, -87.72011028)
(41.79893761, -87.65135608)
(41.87455808, -87.69371813)
(41.95073666, -87.70793006)
(41.82625331, -87.64477758)
(41.87168035, -87.72108932)
(41.7169301, -87.57522479)
(41.98378189, -87.70282162)
(41.72235251, -87.58437738)
(41.90393147, -87.62929019)
(41.76394191, -87.57011914)
(41.8530781, -87.67705501)
(41.88974191, -87.765198)
(41.74611493, -87.66575966)
(41.95401465, -87.7792557)
(41.80534309, -87.74309737)
(41.94263267, -87.73516519)
(41.90979863, -87.65203628)
(41.93266335, -87.73683129)
(41.70981149, -87.64777222)
(41.85409661, -87.66948316)
(41.77783809, -87.65111406)
(41.94956267, -87.65439948)
(41.79170828, -87.65724131)
(41.89407701, -87.67798709)
(41.76049613, -87.64914261)
(42.01940727, -87.67645152)
(41.88218142, -87.68003657)
(41.90396513, -87.66618234)
(41.96822416, -87.72972266)
(41.78189508, -87.69225298)
(41.86457005, -87.64684099)
(41.77997505, -87.63093738)
(41.7601406, -87.69168519)
(41.89499721, -87.69668032)
(41.89262841, -87.63115524)
(41.97262567, -87.66292153)
(41.76148464, -87.55806373)
(41.90386883, -87.63340881)
(41.85491028, -87.67688212)
(41.89931888, -87.69313316)
(41.78333462, -87.59470811)
(41.96294748, -87.71383333)
(41.76475157, -87.64301633)
(41.73630721, -87.63490141)
(41.94322667, -87.74389681)
(41.88171698, -87.7529746)
(41.87986013, -87.77138487)
(41.69477735, -87.6739141)
(41.75636926, -87.57242987)
(41.73695214, -87.66066278)
(41.99984022, -87.69970523)
(41.74566419, -87.67181063)
(41.94103187, -87.7178571)
(41.99991009, -87.70092963)
(41.78833989, -87.74051423)
(41.76506717, -87.61525763)
(42.00129848, -87.69396247)
(41.99042513, -87.70273767)
(41.95462158, -87.75106737)
(41.83148159, -87.68444917)
(41.89082499, -87.63018336)
(41.90053717, -87.64793988)
(41.77912311, -87.59914136)
(41.92988695, -87.78200394)
(41.92968109, -87.78199469)
(41.74782488, -87.66580058)
(41.70731296, -87.53891325)
(41.77225203, -87.62994386)
(41.91494088, -87.70689819)
(41.75284389, -87.55699864)
(41.96719164, -87.66002213)
(41.69952387, -87.65299703)
(41.74678458, -87.60262473)
(41.88136886, -87.76015685)
(41.88099355, -87.75263964)
(41.85582313, -87.72608591)
(41.74405991, -87.71081556)
(41.80911786, -87.70156621)
(41.94107709, -87.73208855)
(41.77235878, -87.62187764)
(41.90279942, -87.62995281)
(41.90328224, -87.67147182)
(41.98926686, -87.69327733)
(41.75195285, -87.64771612)
(41.76159948, -87.70640161)
(41.78692972, -87.65154203)
(41.79187129, -87.72312185)
(41.77264891, -87.6338181)
(41.80948264, -87.70402756)
(41.90044307, -87.67836646)
(41.8903754, -87.62802141)
(41.83611626, -87.72189076)
(41.90393347, -87.62916894)
(41.84464933, -87.69833211)
(41.85582313, -87.72608591)
(41.73534167, -87.6472773)
(41.89082499, -87.63018336)
(41.74919874, -87.55648554)
(41.85727922, -87.62391786)
(41.92509219, -87.68765018)
(41.89005157, -87.62891376)
(41.72225802, -87.59096103)
(41.80995262, -87.6662197)
(41.76451078, -87.63586388)
(41.88531238, -87.66757363)
(41.81879219, -87.63126908)
(41.65793791, -87.59759554)
(41.76661733, -87.67426399)
(41.9944706, -87.6958775)
(41.97629041, -87.90522722)
(41.93088038, -87.7465683)
(41.94128609, -87.64930838)
(41.82629787, -87.6380518)
(41.88109819, -87.76978766)
(41.85317632, -87.72479689)
(41.90660726, -87.69357098)
(41.9372513, -87.64917508)
(41.90909728, -87.67433607)
(41.93682168, -87.65400172)
(41.91115112, -87.6359671)
(41.85995298, -87.71523592)
(41.95119879, -87.77749347)
(41.89059466, -87.75788912)
(41.75077211, -87.62453842)
(41.88976055, -87.6279988)
(41.90673873, -87.76333175)
(41.8550343, -87.66743992)
(41.72841027, -87.66651449)
(41.88332252, -87.72906087)
(41.98095987, -87.81933184)
(41.65257502, -87.61093922)
(41.79005429, -87.65598259)
(41.9557297, -87.71170841)
(41.84916281, -87.69619906)
(41.82271655, -87.69822601)
(41.73420728, -87.60476406)
(41.74986969, -87.66585269)
(41.85953504, -87.64192444)
(41.86634297, -87.62161855)
(41.73912119, -87.6194453)
(41.69387967, -87.61218713)
(41.90979328, -87.67655155)
(41.7273043, -87.60460028)
(41.79733123, -87.60125867)
(42.01849825, -87.67298323)
(41.84393994, -87.71111815)
(41.89420627, -87.6356446)
(42.01139567, -87.81930765)
(41.93239392, -87.74417664)
(41.80437905, -87.58473223)
(41.78507885, -87.61574571)
(41.94046398, -87.65412478)
(41.96194106, -87.7211268)
(41.89824195, -87.64181561)
(41.88091075, -87.71165928)
(41.89532791, -87.63416688)
(41.87691781, -87.67952838)
(41.9795209, -87.68960519)
(41.80707495, -87.74314016)
(41.80629669, -87.66612559)
(41.70454815, -87.53004479)
(41.99872888, -87.6667643)
(41.96837409, -87.71611575)
(41.9947179, -87.69101183)
(41.90335438, -87.66686461)
(41.76575557, -87.57629243)
(41.8727849, -87.76458448)
(41.80154807, -87.61939462)
(41.79694076, -87.59172439)
(41.76643775, -87.64687646)
(41.85209496, -87.7247741)
(41.87867823, -87.72315964)
(41.75283757, -87.71922583)
(41.86540495, -87.68666879)
(41.98105183, -87.83965884)
(41.91881729, -87.64853428)
(41.93991866, -87.65332931)
(41.89005157, -87.62891376)
(41.81971837, -87.60244918)
(41.76565125, -87.62490985)
(41.95437291, -87.66274154)
(41.82432067, -87.71001669)
(41.91008957, -87.67701509)
(41.93808301, -87.75667217)
(41.84474381, -87.63427014)
(41.97585922, -87.75654481)
(41.70395861, -87.6689278)
(41.89394275, -87.63789527)
(41.81275762, -87.59580812)
(41.85297385, -87.71923793)
(41.90906753, -87.67107408)
(41.76101739, -87.55633201)
(41.73935644, -87.60489639)
(41.72316104, -87.61780507)
(41.96109551, -87.71593966)
(41.87921224, -87.64757293)
(41.765444, -87.62690618)
(41.88465094, -87.75522124)
(41.69603397, -87.61833651)
(41.76693287, -87.62491408)
(41.75217843, -87.60889631)
(41.83981113, -87.61714191)
(41.85843283, -87.70665708)
(41.86893727, -87.65674023)
(41.9285256, -87.64886776)
(41.73164072, -87.64105922)
(41.77355628, -87.66405645)
(41.78243269, -87.66429047)
(41.73486644, -87.54577681)
(41.67342602, -87.62853551)
(41.90937534, -87.76597913)
(41.87792081, -87.75497713)
(41.88144179, -87.66783781)
(41.75047239, -87.63429712)
(41.88433532, -87.65815322)
(41.74201814, -87.61268572)
(41.7472613, -87.70353989)
(41.77332912, -87.66040381)
(41.86618638, -87.68411671)
(41.66405859, -87.55805514)
(41.99349034, -87.74244372)
(41.8101249, -87.6911536)
(41.69158538, -87.63079041)
(41.94983736, -87.6586351)
(41.76680404, -87.60561968)
(41.86803411, -87.63921516)
(41.93991942, -87.65345794)
(41.9965838, -87.69838374)
(41.92428314, -87.77573183)
(41.8759442, -87.74349836)
(41.90132405, -87.62833071)
(41.8654715, -87.72393137)
(41.96801923, -87.7484486)
(41.93985146, -87.65821846)
(41.68853534, -87.61815595)
(41.88451405, -87.6742766)
(42.01430979, -87.66808459)
(41.78298737, -87.61569203)
(41.86623545, -87.72051715)
(41.79801475, -87.67617583)
(41.86779756, -87.65846311)
(41.889839, -87.62960288)
(41.86623545, -87.72051715)
(41.69962808, -87.64423324)
(41.79538325, -87.65126908)
(41.87869496, -87.67933033)
(41.79459129, -87.72319873)
(41.76483964, -87.58056984)
(41.94054241, -87.6511541)
(41.86289608, -87.71140063)
(41.98367595, -87.77681017)
(41.86625461, -87.71896767)
(41.84513921, -87.62046631)
(41.841516, -87.72325593)
(41.98364915, -87.65871224)
(41.87490695, -87.75050267)
(41.92092271, -87.71846559)
(41.7513286, -87.60124657)
(41.94038712, -87.65412192)
(41.98015338, -87.84004459)
(41.76744896, -87.58595717)
(41.93538513, -87.65285191)
(41.73058206, -87.6361724)
(41.72359146, -87.62171255)
(41.89568304, -87.69269199)
(41.88108608, -87.69509619)
(41.78409214, -87.69352908)
(41.94495301, -87.64941621)
(41.83660077, -87.61677038)
(41.76566157, -87.61771792)
(41.7454415, -87.58539163)
(41.87651242, -87.74513447)
(41.76502302, -87.72090575)
(41.89140473, -87.62806151)
(41.94338067, -87.74771448)
(41.94248008, -87.64935075)
(41.87661665, -87.75812836)
(41.76112678, -87.64308817)
(41.89734389, -87.65457822)
(41.91150995, -87.77035788)
(41.88904822, -87.64767708)
(41.89868035, -87.64398538)
(41.80898136, -87.60655105)
(41.93343194, -87.74111304)
(41.86990618, -87.77183554)
(41.79324128, -87.66456312)
(41.94757544, -87.77785578)
(42.00170912, -87.67151599)
(41.92803005, -87.73347155)
(41.75365276, -87.55811401)
(41.95336914, -87.75193902)
(41.91560246, -87.70342702)
(41.77313887, -87.72677479)
(41.77796729, -87.61556835)
(41.91109112, -87.64010819)
(41.69795891, -87.63098469)
(41.97767092, -87.69494177)
(41.95933622, -87.7118241)
(41.71631198, -87.66770542)
(41.95766072, -87.69012304)
(41.79389304, -87.6174333)
(41.88051501, -87.74381619)
(41.88805763, -87.62954531)
(41.87963425, -87.73640671)
(41.93704765, -87.74354943)
(41.97338321, -87.66671606)
(41.89682095, -87.74696099)
(41.70352371, -87.61929356)
(41.8122525, -87.6196756)
(41.88900632, -87.63661199)
(41.9315892, -87.74244575)
(41.89097577, -87.66744872)
(41.81606521, -87.62737365)
(41.80299361, -87.68063621)
(41.81516795, -87.68951482)
(41.74502251, -87.71577884)
(41.93102296, -87.73432184)
(41.8373843, -87.66573672)
(41.92634441, -87.73755529)
(41.85582297, -87.67668191)
(41.82319205, -87.62158666)
(41.89133394, -87.66958987)
(41.95787019, -87.72038634)
(41.81500562, -87.60577495)
(41.80110851, -87.68698558)
(41.85437045, -87.69553071)
(41.89317941, -87.63465676)
(41.77666174, -87.67383487)
(41.92273393, -87.64496852)
(41.90316534, -87.62921044)
(41.76587699, -87.6844985)
(41.91798038, -87.6972125)
(41.7912008, -87.66572477)
(41.94983736, -87.6586351)
(41.77336595, -87.65919731)
(41.92137738, -87.67859702)
(41.89592289, -87.74951827)
(41.90965484, -87.67633622)
(41.8915668, -87.67572095)
(41.84473409, -87.72618711)
(41.87778435, -87.62928717)
(41.92138169, -87.67839121)
(41.85660327, -87.65558549)
(41.72577549, -87.66035444)
(41.85636294, -87.68575044)
(41.86184691, -87.72871246)
(41.90168089, -87.62834515)
(41.89561646, -87.7009789)
(41.72577549, -87.66035444)
(41.86546403, -87.72149373)
(41.77215299, -87.66719807)
(41.90860804, -87.72647495)
(41.77134251, -87.65671104)
(41.81995811, -87.72398155)
(41.75870409, -87.59292348)
(41.79297465, -87.72315172)
(41.87477217, -87.74505863)
(41.94110195, -87.65900287)
(41.8762956, -87.63175265)
(41.76473679, -87.61684481)
(41.8945443, -87.62274532)
(41.74353807, -87.5721893)
(41.69256976, -87.62439788)
(41.80894067, -87.64128765)
(41.75421069, -87.6343885)
(41.97676298, -87.90098372)
(41.76345981, -87.7003392)
(41.73575503, -87.60346056)
(41.92696268, -87.73297076)
(41.73533599, -87.66305381)
(41.77830276, -87.58639943)
(41.86742364, -87.70326138)
(41.89001377, -87.63170539)
(41.71264961, -87.62211527)
(41.75543162, -87.55131242)
(41.8575537, -87.68424808)
(41.93483946, -87.77276585)
(41.8888862, -87.76197737)
(41.72153655, -87.63748998)
(41.79670498, -87.60505781)
(41.78516623, -87.72660644)
(41.88479095, -87.62446924)
(41.74051457, -87.64496147)
(41.88217924, -87.68013574)
(41.90856054, -87.67740914)
(41.88989642, -87.66635446)
(41.88191589, -87.73663151)
(41.94755485, -87.77984466)
(41.82886842, -87.7045679)
(41.82631315, -87.67272382)
(41.79376659, -87.63297978)
(41.86541701, -87.71783026)
(41.85393075, -87.62384107)
(41.88395208, -87.6820787)
(41.90982859, -87.67744759)
(41.88130762, -87.67694984)
(41.75302766, -87.66714665)
(41.77615028, -87.61552262)
(41.87710419, -87.72441205)
(41.76526774, -87.56893046)
(41.89566592, -87.69454334)
(41.7529096, -87.58089982)
(42.00277834, -87.66565509)
(41.72122375, -87.66194773)
(41.83805499, -87.64545841)
(41.7459683, -87.55278311)
(41.90690663, -87.73379057)
(41.90897878, -87.73017091)
(41.90582878, -87.6883329)
(41.72235251, -87.58437738)
(41.79324445, -87.66699806)
(41.9892934, -87.70553704)
(41.68851632, -87.61951079)
(41.91510898, -87.64839021)
(41.91085503, -87.74589573)
(41.9037176, -87.71054544)
(41.9670111, -87.71576856)
(41.91859036, -87.6739959)
(41.89259002, -87.62091221)
(41.85679041, -87.70842407)
(41.73865884, -87.65827802)
(41.82232284, -87.60075027)
(41.85350693, -87.63348466)
(41.98506991, -87.6613933)
(41.87137115, -87.62751442)
(41.82876229, -87.61443616)
(41.84416537, -87.73075068)
(42.01888388, -87.67610362)
(41.76988102, -87.568949)
(41.88417714, -87.67726199)
(41.87441932, -87.72215736)
(41.93078422, -87.68579203)
(41.88358005, -87.70947777)
(41.75397491, -87.55017933)
(41.96319871, -87.73850633)
(41.90389478, -87.63181425)
(41.75847934, -87.61107585)
(41.87589445, -87.70413654)
(41.90393158, -87.62930855)
(41.87840317, -87.76032656)
(41.89647233, -87.64325248)
(41.94716378, -87.65804574)
(41.93423605, -87.73688279)
(41.9084027, -87.76463214)
(41.90348599, -87.73196382)
(41.7953393, -87.67191248)
(41.78617215, -87.67408575)
(41.89688531, -87.67335971)
(41.95801054, -87.65274728)
(41.7339356, -87.66574657)
(41.73506978, -87.65696365)
(41.72134722, -87.65215149)
(41.87418827, -87.73878528)
(41.9132928, -87.77410439)
(41.96221885, -87.66608238)
(41.9320847, -87.77964399)
(41.75332615, -87.71057578)
(41.77688192, -87.71899651)
(41.98082628, -87.88361132)
(41.98082628, -87.88361132)
(41.93223153, -87.73558946)
(41.99999995, -87.68263686)
(41.87025715, -87.7454525)
(41.90389478, -87.63181425)
(41.82332006, -87.6232032)
(41.75134208, -87.56137777)
(41.87834654, -87.70943688)
(41.75449834, -87.63025868)
(41.90113338, -87.62990498)
(41.68250489, -87.65788416)
(41.8679521, -87.71059165)
(41.76240156, -87.57621823)
(41.90467391, -87.6748738)
(41.97676298, -87.90098372)
(41.9385789, -87.80676779)
(41.89586676, -87.63568162)
(41.94933263, -87.64847244)
(41.83725437, -87.63286178)
(41.74117092, -87.58574532)
(41.67313566, -87.65880935)
(41.77328128, -87.64583567)
(41.77676316, -87.78214419)
(41.77307354, -87.73314688)
(41.92145742, -87.7230168)
(41.83087861, -87.67685619)
(41.96904485, -87.65830007)
(41.75094076, -87.62518522)
(41.9798744, -87.66644241)
(41.76581594, -87.57629172)
(41.90297912, -87.69106521)
(41.8962811, -87.70658105)
(41.83540127, -87.64134393)
