(41.83220909, -87.64857024)
(41.7535761, -87.71774552)
(41.76670208, -87.66659831)
(41.77565933, -87.58629446)
(41.75492686, -87.65870496)
(41.83224202, -87.64856989)
(41.84336465, -87.63990023)
(41.89050582, -87.74415772)
(41.67116867, -87.65752686)
(41.74054012, -87.7100178)
(41.98610706, -87.65809411)
(41.8491918, -87.69400759)
(41.91045104, -87.67928549)
(41.81472107, -87.7054583)
(41.7758951, -87.59731211)
(41.95365631, -87.69641304)
(41.68852434, -87.60590946)
(41.88177682, -87.62076795)
(41.97486195, -87.89037215)
(41.99712523, -87.66047188)
(41.73880793, -87.70538489)
(41.89670283, -87.76218318)
(41.75385211, -87.6101492)
(41.98883772, -87.66989109)
(41.75071721, -87.71684932)
(41.89250768, -87.62623869)
(41.82268208, -87.6124203)
(41.75966792, -87.60417192)
(41.8835818, -87.75762889)
(41.75346917, -87.66190499)
(41.84111197, -87.63588037)
(41.72134966, -87.65210018)
(41.95952881, -87.77044279)
(41.86175731, -87.71650708)
(41.73805276, -87.59030283)
(41.89910117, -87.71704408)
(41.77907344, -87.61560001)
(41.99937311, -87.81074417)
(41.80797285, -87.66981284)
(41.90977071, -87.73519655)
(41.97702072, -87.89657613)
(41.96814553, -87.76098653)
(41.78305388, -87.71797696)
(41.68570275, -87.67887592)
(41.89224047, -87.74904863)
(41.88108866, -87.72076449)
(41.7657075, -87.6744859)
(41.69943524, -87.65938047)
(41.7024061, -87.65079877)
(41.96094441, -87.6739602)
(41.77584088, -87.78210443)
(41.88953516, -87.74915041)
(41.91112462, -87.6379329)
(41.94791465, -87.79608574)
(41.87528961, -87.72377569)
(41.88077543, -87.62702903)
(41.8945443, -87.62274532)
(41.82146144, -87.6275345)
(41.89512054, -87.68682823)
(41.89488784, -87.62727758)
(41.87701447, -87.73133814)
(41.99800669, -87.67428775)
(41.89491337, -87.75774384)
(41.94458226, -87.75196005)
(41.88155654, -87.62775854)
(41.80968389, -87.67481677)
(41.80959745, -87.60071921)
(41.91127272, -87.68724574)
(41.87533531, -87.65741079)
(41.98082628, -87.88361132)
(41.64713589, -87.54418624)
(41.99377239, -87.6771603)
(41.86971065, -87.62747761)
(41.7650392, -87.57627519)
(41.85135281, -87.71376979)
(41.89512054, -87.68682823)
(41.71895759, -87.62859865)
(41.87761802, -87.68056774)
(41.91697739, -87.71352492)
(41.91745006, -87.65863098)
(41.74312837, -87.60379478)
(41.88321029, -87.73857679)
(41.9764212, -87.90497627)
(41.78054745, -87.59358885)
(41.74753276, -87.66700924)
(41.9764212, -87.90497627)
(41.73500272, -87.66425901)
(41.97750144, -87.90397973)
(41.70623944, -87.62442718)
(41.78305093, -87.60963786)
(41.757631, -87.58570825)
(41.80036427, -87.73976893)
(41.97676298, -87.90098372)
(41.78925019, -87.71078924)
(41.78671841, -87.61902383)
(41.86519354, -87.65991127)
(41.86542238, -87.731267)
(41.97486195, -87.89037215)
(41.91308817, -87.70683181)
(42.01147327, -87.67109833)
(41.73699363, -87.54582776)
(41.96461888, -87.6569753)
(41.91753925, -87.63770527)
(41.99463202, -87.70075013)
(41.75532897, -87.64050052)
(41.87686251, -87.74383508)
(41.92013748, -87.72664865)
(41.82519443, -87.61702233)
(41.73512427, -87.66912696)
(41.8238474, -87.61620818)
(41.89058734, -87.72350172)
(41.92007213, -87.71237061)
(41.83981113, -87.61714191)
(41.90643249, -87.72711272)
(41.70918192, -87.61085883)
(41.93163786, -87.73858282)
(41.87950297, -87.62672358)
(41.89983834, -87.73185846)
(41.93791999, -87.64902459)
(41.97551745, -87.72956922)
(41.952797, -87.75221627)
(41.75120618, -87.67681106)
(41.85118138, -87.71863845)
(41.78255415, -87.66914367)
(41.92378844, -87.68517195)
(41.86726469, -87.7138952)
(41.90174914, -87.72627542)
(41.86688613, -87.71954537)
(41.90113338, -87.62990498)
(41.94897927, -87.75701143)
(41.86621677, -87.62162362)
(41.6959821, -87.59665314)
(41.92117065, -87.77562297)
(41.95252085, -87.72022437)
(41.9011666, -87.69033769)
(41.75532897, -87.64050052)
(41.91831893, -87.63911875)
(41.86683225, -87.6392355)
(41.94430901, -87.76424331)
(41.95701447, -87.65461451)
(41.67330894, -87.63814876)
(41.8921658, -87.68308241)
(41.93701615, -87.74597178)
(41.96825188, -87.72717046)
(41.86367217, -87.73243617)
(41.75827891, -87.56004117)
(41.82921376, -87.61116188)
(41.97551745, -87.72956922)
(41.74796625, -87.73059574)
(41.73013272, -87.54620831)
(41.86725154, -87.63959443)
(41.7250679, -87.64330941)
(41.87774111, -87.66005862)
(41.92823188, -87.77343373)
(41.96545532, -87.65316812)
(41.88096768, -87.73794027)
(41.88077543, -87.62702903)
(41.65706187, -87.61661236)
(41.86524977, -87.64212352)
(41.91711483, -87.7305793)
(41.90348167, -87.73218794)
(41.97773522, -87.75579234)
(41.87891676, -87.66541845)
(41.99552115, -87.65555561)
(41.74571142, -87.5746591)
(41.87828705, -87.71416331)
(41.91622631, -87.72652771)
(41.88498305, -87.71112404)
(41.89694356, -87.62420631)
(41.85753386, -87.62560361)
(41.90985819, -87.66828117)
(41.76178546, -87.63042105)
(41.69901688, -87.68833845)
(42.01878915, -87.66823295)
(41.88791929, -87.62801905)
(41.97629041, -87.90522722)
(41.91117109, -87.69212567)
(41.89265923, -87.61659957)
(41.85257247, -87.725812)
(41.95359043, -87.67836302)
(41.69278007, -87.60061105)
(41.75761443, -87.58611527)
(41.97833963, -87.84008434)
(41.97194829, -87.66111937)
(41.90289915, -87.72630861)
(42.01660322, -87.67033489)
(41.93708608, -87.81037826)
(41.86821992, -87.66404656)
(41.7335474, -87.62252959)
(41.77901282, -87.66420869)
(41.73831893, -87.58060117)
(41.96901924, -87.66001391)
(41.96308358, -87.69707291)
(41.94295813, -87.78209351)
(41.72873763, -87.6029978)
(41.87751024, -87.68967159)
(41.78958586, -87.68758171)
(41.86109925, -87.64879438)
(41.88191798, -87.73650664)
(41.89399579, -87.68300875)
(41.70698746, -87.62024403)
(41.9175271, -87.74982844)
(41.87755492, -87.7558874)
(41.79014746, -87.62235202)
(41.92453752, -87.72218637)
(41.91115121, -87.63598179)
(41.83977036, -87.65844575)
(41.70445082, -87.60392457)
(41.88099198, -87.70440234)
(41.8752549, -87.62761856)
(41.77905969, -87.6155965)
(41.9334237, -87.75893761)
(41.89500328, -87.62152816)
(42.00361183, -87.66647051)
(41.77905969, -87.6155965)
(42.00004743, -87.79455478)
(41.72530068, -87.60455698)
(41.77119912, -87.63730176)
(41.67010284, -87.62722849)
(41.86180477, -87.72748672)
(41.80992434, -87.66986607)
(41.86550059, -87.65380275)
(41.93304001, -87.72701151)
(41.74400701, -87.69368901)
(41.80247526, -87.66967518)
(41.96253504, -87.68389328)
(41.75708928, -87.66526478)
(41.68772512, -87.66359584)
(41.97576318, -87.70680264)
(41.75248363, -87.70002927)
(41.77887716, -87.70884011)
(41.97716325, -87.90601208)
(41.77433056, -87.61548059)
(42.00734161, -87.6813552)
(41.88098896, -87.70485404)
(41.96735692, -87.65872605)
(41.76308125, -87.63094938)
(41.87855649, -87.66434263)
(41.97676298, -87.90098372)
(41.73954389, -87.64372239)
(41.86022681, -87.71767814)
(41.88646864, -87.75651225)
(41.74869721, -87.60389664)
(41.93809444, -87.71001995)
(41.87268084, -87.71421742)
(41.78019354, -87.59916581)
(41.72441275, -87.62227495)
(41.89602078, -87.63123562)
(41.97676298, -87.90098372)
(41.80708344, -87.61809708)
(41.96524969, -87.66818708)
(41.89116033, -87.75960655)
(41.88315693, -87.76822354)
(41.93426873, -87.72584218)
(41.9161609, -87.72041085)
(41.80213261, -87.61367763)
(41.89152047, -87.64762493)
(41.96716659, -87.6618352)
(41.90584419, -87.72639827)
(41.93526799, -87.65951271)
(41.75439193, -87.59920339)
(41.8907582, -87.72105775)
(41.96137851, -87.65474101)
(42.0093803, -87.68811206)
(41.97527655, -87.76739151)
(41.97676298, -87.90098372)
(41.77573254, -87.61191981)
(41.99575265, -87.7968755)
(41.9432234, -87.76005162)
(41.79089459, -87.60494023)
(41.8140372, -87.63230412)
(41.71893656, -87.65288389)
(41.98510404, -87.78617328)
(41.78345523, -87.61327421)
(41.93806563, -87.70023994)
(41.7064859, -87.61374553)
(41.78015721, -87.67513728)
(41.93550803, -87.77368249)
(41.89713553, -87.63719214)
(41.89388896, -87.64216741)
(41.74968736, -87.66706391)
(41.77924453, -87.68451042)
(41.88316173, -87.64490871)
(41.8794503, -87.62842431)
(41.79935678, -87.61609255)
(41.7895391, -87.69246285)
(41.81522005, -87.66878794)
(41.89216428, -87.60770229)
(41.90936356, -87.72043546)
(41.76480337, -87.67426789)
(41.86675193, -87.77049007)
(41.8444269, -87.64908957)
(41.89135278, -87.74879228)
(41.88574103, -87.63171175)
(42.02149395, -87.67425135)
(41.89739562, -87.63618656)
(41.8231952, -87.66176037)
(41.99647402, -87.69838115)
(41.94760366, -87.82916843)
(41.74201561, -87.61271873)
(41.86731733, -87.77218862)
(41.91200949, -87.64588468)
(41.88548754, -87.72642205)
(41.90039428, -87.68088314)
(42.00171644, -87.69608847)
(41.75650639, -87.58453017)
(41.89980765, -87.72498982)
(41.75170441, -87.56836578)
(41.9195893, -87.67687733)
(41.91831893, -87.63911875)
(41.86686167, -87.66501527)
(41.97486195, -87.89037215)
(41.86830163, -87.69874426)
(41.68806988, -87.63258601)
(41.87989963, -87.68318842)
(41.85587667, -87.71758771)
(41.96447404, -87.73889525)
(41.90317055, -87.67831655)
(41.75127058, -87.60593808)
(41.97676298, -87.90098372)
(41.89670812, -87.62607849)
(41.88322136, -87.6258233)
(41.97344329, -87.66855784)
(41.9790063, -87.90646316)
(41.87494805, -87.6568898)
(41.97557422, -87.75227036)
(41.74708904, -87.57590346)
(41.92245045, -87.63573751)
(41.75792768, -87.5895605)
(41.90137711, -87.71773482)
(41.94729796, -87.6510343)
(41.97629041, -87.90522722)
(41.79145711, -87.63407936)
(41.93250492, -87.6619159)
(41.91590799, -87.73384227)
(41.9010875, -87.7532988)
(41.78755616, -87.68874979)
(41.97676298, -87.90098372)
(41.80687861, -87.72600549)
(41.67929318, -87.62270231)
(41.8185851, -87.69452488)
(41.66581486, -87.55885388)
(41.74091899, -87.63196775)
(41.94901178, -87.67861575)
(41.65681876, -87.61415961)
(41.97486195, -87.89037215)
(41.7740768, -87.73240066)
(41.74063069, -87.58034334)
(41.88785237, -87.76934635)
(41.88604636, -87.648653)
(41.73983399, -87.73568427)
(41.91864652, -87.64613311)
(41.765234, -87.64246499)
(41.86678066, -87.65355056)
(41.95045346, -87.64959269)
(41.87439334, -87.76464733)
(41.73167066, -87.65808008)
(41.72787924, -87.64947048)
(41.77271097, -87.57525017)
(42.01838797, -87.68298672)
(41.92442076, -87.65357474)
(41.79768442, -87.61767716)
(41.77921784, -87.77276668)
(41.89923502, -87.62243619)
(41.68359936, -87.54012024)
(41.901525, -87.74009659)
(41.91115121, -87.63598179)
(41.89765425, -87.61932425)
(41.75789293, -87.60903362)
(41.94183222, -87.71870215)
(41.87193508, -87.64675118)
(41.99458783, -87.65736806)
(41.87729497, -87.70934062)
(41.75003435, -87.64035957)
(41.85384294, -87.62384204)
(41.81939723, -87.61286436)
(41.7503354, -87.61651758)
(41.75273511, -87.58443474)
(41.88664302, -87.76340758)
(41.77253239, -87.57646936)
(41.79446258, -87.77055822)
(41.80898136, -87.60655105)
(41.80398765, -87.7038576)
(41.87390705, -87.72543009)
(41.94447819, -87.6526376)
(41.88361118, -87.70713087)
(41.88633683, -87.7122971)
(41.8886761, -87.63691306)
(41.92397622, -87.76629442)
(41.72257838, -87.66270655)
(41.9790063, -87.90646316)
(41.87851302, -87.76642478)
(41.77495889, -87.696945)
(41.73966367, -87.73935726)
(41.71568082, -87.64305821)
(41.95042111, -87.76772171)
(41.73893139, -87.65099106)
(41.99880605, -87.68260488)
(41.75024021, -87.64036468)
(41.85208134, -87.63642558)
(41.88395763, -87.73558059)
(41.7168188, -87.67709522)
(41.73014561, -87.54528495)
(41.88076658, -87.76320643)
(41.7203939, -87.66035931)
(41.89006093, -87.70727355)
(41.89006093, -87.70727355)
(41.81073237, -87.59367816)
(41.75094076, -87.62518522)
(41.66595034, -87.62006754)
(41.97676298, -87.90098372)
(41.92130407, -87.73401958)
(41.8740601, -87.70592431)
(41.97676298, -87.90098372)
(41.88213959, -87.71104513)
(41.83699577, -87.64868435)
(41.88447623, -87.63131061)
(41.90948107, -87.75745134)
(41.96568925, -87.73300442)
(41.67904202, -87.63953667)
(41.92245045, -87.63573751)
(41.65581398, -87.60365392)
(41.9790063, -87.90646316)
(41.90239391, -87.68947316)
(41.87321963, -87.67586867)
(41.7547562, -87.67326387)
(41.80706599, -87.72356088)
(41.76243992, -87.66372114)
(41.78935976, -87.67052919)
(41.89625291, -87.75073838)
(41.76224267, -87.65955567)
(41.71240975, -87.57142127)
(41.74431061, -87.64507116)
(41.70600611, -87.71417844)
(41.80462016, -87.68436817)
(41.69073279, -87.62646106)
(41.77489244, -87.66165227)
(41.81635893, -87.60670242)
(41.99304397, -87.66036036)
(41.93117699, -87.66714468)
(41.87395682, -87.68195253)
(41.84761601, -87.70634793)
(42.00834451, -87.67532537)
(41.94934687, -87.78213405)
(41.86583517, -87.67688418)
(41.77985878, -87.72401668)
(41.88115576, -87.68694699)
(41.90296856, -87.74598639)
(41.88252643, -87.62438411)
(41.87813609, -87.63205565)
(41.81318616, -87.69435477)
(41.98553449, -87.66012681)
(41.89886019, -87.66371201)
(41.80532826, -87.61257454)
(41.77090049, -87.62793507)
(41.70775982, -87.53528212)
(41.71216696, -87.61511055)
(41.65491334, -87.61577991)
(41.91843176, -87.72170084)
(41.75417572, -87.60403618)
(42.00591206, -87.69112)
(41.74721059, -87.6014326)
(41.73770222, -87.71555585)
(41.891476, -87.62537228)
(41.72609586, -87.65185223)
(41.72391513, -87.6636927)
(41.90884995, -87.64664598)
(41.95184242, -87.65567667)
(41.99123492, -87.6884572)
(42.00182236, -87.6899875)
(41.81948487, -87.61987045)
(41.89200307, -87.62807696)
(41.98314593, -87.69450824)
(41.86381852, -87.7299898)
(41.95182787, -87.74727321)
(41.78651708, -87.64860567)
(41.92323442, -87.70597927)
(41.93785719, -87.738231)
(42.01939924, -87.67504949)
(41.78855912, -87.6158279)
(41.87516101, -87.66750275)
(41.78388313, -87.64732106)
(41.8218906, -87.69526981)
(41.97676298, -87.90098372)
(41.90499518, -87.67109045)
(41.92899792, -87.6926748)
(41.93791999, -87.64902459)
(41.78077994, -87.66182182)
(41.87632993, -87.70598657)
(41.73667252, -87.55833657)
(41.8635889, -87.70307509)
(41.84647931, -87.6933079)
(41.96665319, -87.65479535)
(41.90506047, -87.67241959)
(41.89189434, -87.77377322)
(41.74501304, -87.59168834)
(41.98795129, -87.65532326)
(41.88522156, -87.66989919)
(41.93265718, -87.70131143)
(41.86760821, -87.68029878)
(41.88423149, -87.69666969)
(41.8762118, -87.64100667)
(41.7528433, -87.56261682)
(41.89937026, -87.65662844)
(41.77866754, -87.63749965)
(41.90292267, -87.69719301)
(41.86742776, -87.62619205)
(41.90266253, -87.72671125)
(41.88358854, -87.65669584)
(41.93991942, -87.65345794)
(41.75815977, -87.56150498)
(41.94912439, -87.70666287)
(41.81415764, -87.6273249)
(41.79400203, -87.64194711)
(41.94133543, -87.76503061)
(41.9764212, -87.90497627)
(41.89984173, -87.71646026)
(41.84827217, -87.67885119)
(41.85287279, -87.71625476)
(41.75723442, -87.65027678)
(41.81680104, -87.69201137)
(41.87082755, -87.71659612)
(41.73966434, -87.6097588)
(41.87411294, -87.67086593)
(41.86283043, -87.71704008)
(41.99355232, -87.68236779)
(41.7730155, -87.67495368)
(41.76695881, -87.72368422)
(41.83053093, -87.61027746)
(41.88676316, -87.6774265)
(41.92333831, -87.68759437)
(41.85422679, -87.72107227)
(41.84736685, -87.70144327)
(41.825282, -87.69468212)
(41.77325863, -87.71833088)
(41.87768284, -87.74593891)
(41.83053093, -87.61027746)
(41.7109834, -87.55231286)
(41.74895127, -87.7084706)
(41.89726396, -87.67144214)
(41.75349185, -87.64532858)
(41.88395763, -87.73558059)
(41.88548754, -87.72642205)
(41.99237762, -87.68233561)
(41.72794538, -87.66161399)
(41.90884828, -87.74361436)
(41.78082323, -87.65331894)
(41.87503748, -87.74381513)
(41.71343306, -87.66768385)
(41.9790063, -87.90646316)
(41.95848248, -87.70571823)
(41.75677217, -87.72217535)
(41.85114845, -87.71863876)
(41.70778663, -87.58494565)
(41.97603051, -87.78707473)
(41.9526363, -87.70553295)
(41.87072227, -87.6408346)
(41.82176726, -87.70025688)
(41.78229313, -87.60048747)
(41.90067027, -87.66399064)
(41.73131703, -87.65442018)
(41.89048452, -87.64877455)
(41.878931, -87.63958562)
(41.83313943, -87.61531921)
(41.9538815, -87.64968105)
(41.77699915, -87.65078933)
(41.76240699, -87.66372148)
(41.7769223, -87.65078648)
(41.88188393, -87.64006044)
(41.74935828, -87.61079698)
(41.93605346, -87.74984336)
(41.95737361, -87.72195362)
(41.95737361, -87.72195362)
(41.75148473, -87.66185238)
(41.85491448, -87.67665816)
(41.74874252, -87.61808908)
(41.73895393, -87.63194517)
(41.89618833, -87.68931879)
(41.84162265, -87.61719144)
(41.87415339, -87.73523869)
(41.89106211, -87.61704346)
(41.77955917, -87.70557777)
(41.70913908, -87.565732)
(41.76529542, -87.56649622)
(41.77788768, -87.61074813)
(41.77674388, -87.60779136)
(41.67730359, -87.62627126)
(41.88070662, -87.63012539)
(41.74216543, -87.72240548)
(41.77514006, -87.75292091)
(41.92807654, -87.78560619)
(41.88100481, -87.70323814)
(41.89320351, -87.62027367)
(41.87612122, -87.64100397)
(41.74319921, -87.62431758)
(41.9526363, -87.70553295)
(41.76516269, -87.62489689)
(41.79352834, -87.78795237)
(41.87805389, -87.6388497)
(41.7954714, -87.68351799)
(41.92823822, -87.77586643)
(41.86820992, -87.77177329)
(41.86412761, -87.70925941)
(41.81110945, -87.68809921)
(41.94210464, -87.77696598)
(41.77255605, -87.61301853)
(41.95213027, -87.70483208)
(41.78898704, -87.74147999)
(41.87097371, -87.73646893)
(41.79122034, -87.68884876)
(41.81481404, -87.68708991)
(41.78394407, -87.68377006)
(41.90307972, -87.7625892)
(41.8932557, -87.62917605)
(41.87892502, -87.66495201)
(41.80206262, -87.6187324)
(41.89500328, -87.62152816)
(41.85067984, -87.62223266)
(41.87735292, -87.70286643)
(41.89715822, -87.72891209)
(41.81592033, -87.62301349)
(41.91788182, -87.74245464)
(41.8802798, -87.76244329)
(41.87904388, -87.65806205)
(42.00791918, -87.66535113)
(41.88567722, -87.72960791)
(41.74853685, -87.7326499)
(41.86838064, -87.62584745)
(41.7710461, -87.58501728)
(42.01648826, -87.68334095)
(41.7850602, -87.64361618)
(41.79943006, -87.6319609)
(41.90164626, -87.66382616)
(41.9783521, -87.81065127)
(41.72359936, -87.63147479)
(41.72118063, -87.62371719)
(41.83047017, -87.66834769)
(41.81360148, -87.66509969)
(41.96857038, -87.77650776)
(41.82047325, -87.70198657)
(41.88019576, -87.66497916)
(41.97012493, -87.65624411)
(41.73675027, -87.71766074)
(41.9764212, -87.90497627)
(41.97744068, -87.83971247)
(41.88023338, -87.66295912)
(41.91116009, -87.63518447)
(41.76562323, -87.61949614)
(41.96967607, -87.6777239)
(41.91011815, -87.66767964)
(41.76488055, -87.61525605)
(41.77895033, -87.66667677)
(41.67385795, -87.63095028)
(41.88278232, -87.70711326)
(41.87845513, -87.72559262)
(41.88090524, -87.71216242)
(41.77239959, -87.64984462)
(41.87835934, -87.69478917)
(41.92641058, -87.6657795)
(41.81919261, -87.62675232)
(41.86200093, -87.70676175)
(41.75768216, -87.60781552)
(41.90113841, -87.69315172)
(41.9568286, -87.64597306)
(41.88051106, -87.74411734)
(41.9198585, -87.65752902)
(41.83031652, -87.68176037)
(41.87674524, -87.74827181)
(41.97676298, -87.90098372)
(41.88225308, -87.7641333)
(41.72869996, -87.64857889)
(41.95166262, -87.66009736)
(41.79877503, -87.66714248)
(41.78309302, -87.72532802)
(41.9008748, -87.75574346)
(41.90824628, -87.71016712)
(41.84490348, -87.65031764)
(41.87636575, -87.66185024)
(41.79798543, -87.70980986)
(41.8666042, -87.68667139)
(41.82994144, -87.6073157)
(41.76828451, -87.62337061)
(41.757631, -87.58570825)
(41.93343444, -87.74106524)
(41.71857822, -87.5377013)
(41.78494488, -87.60970089)
(41.90415057, -87.69444776)
(41.76420149, -87.59003787)
(41.73205788, -87.63742773)
(41.83981113, -87.61714191)
(41.97486195, -87.89037215)
(41.66038027, -87.64497753)
(41.91260283, -87.68514919)
(41.75150309, -87.71042115)
(41.7213798, -87.64978116)
(41.77539998, -87.64953048)
(41.87536742, -87.62762099)
(41.91159074, -87.73531182)
(41.84491178, -87.65032856)
(41.79139429, -87.65844739)
(41.84557767, -87.62747503)
(41.98105183, -87.83965884)
(41.75721134, -87.5633049)
(41.97107634, -87.71955002)
(41.80320189, -87.72198373)
(41.92594687, -87.75753112)
(41.77000079, -87.65303368)
(41.90530188, -87.69077743)
(41.84437288, -87.71557307)
(41.89478087, -87.63491478)
(41.9935587, -87.6554955)
(41.88945317, -87.62799483)
(41.8763964, -87.63073444)
(41.78340035, -87.61327483)
(41.79963938, -87.75638939)
(41.87795957, -87.62431341)
(41.91584125, -87.72896364)
(41.88233367, -87.62784179)
(41.99372712, -87.78922993)
(41.97629041, -87.90522722)
(41.76610638, -87.58966765)
(41.95207087, -87.72955894)
(41.80044749, -87.60538219)
(41.93416311, -87.75480741)
(41.86337307, -87.6597358)
(41.79982391, -87.70373698)
(41.8886761, -87.63691306)
(41.95076206, -87.70304053)
(41.89178212, -87.76655721)
(41.9790063, -87.90646316)
(41.7730879, -87.68091016)
(41.76786707, -87.5873746)
(41.88785839, -87.72587076)
(41.89046507, -87.74691996)
(41.88036792, -87.75537001)
(41.77729124, -87.6890139)
(41.7936409, -87.66627153)
(41.90707008, -87.64089377)
(41.80898136, -87.60655105)
(41.89545729, -87.71661999)
(41.8257142, -87.67547071)
(41.89002947, -87.71006508)
(41.78191638, -87.59308914)
(41.69302227, -87.6279152)
(41.98698947, -87.84074586)
(41.87613074, -87.72923143)
(41.920358, -87.6631566)
(41.7045964, -87.64762621)
(41.7867632, -87.61740263)
(41.72079978, -87.63231112)
(41.90557325, -87.63841928)
(41.71375388, -87.64298726)
(41.81249381, -87.60176099)
(41.99757188, -87.69891103)
(41.79445766, -87.70603016)
(41.75676539, -87.56269084)
(41.9311535, -87.66593585)
(41.93888233, -87.66188944)
(41.88574828, -87.62886188)
(41.95213017, -87.7048137)
(41.90414866, -87.67563961)
(41.6528186, -87.60344988)
(41.93230813, -87.67628387)
(41.96695348, -87.67670385)
(41.79210656, -87.77082819)
(41.91525856, -87.6399345)
(41.93121916, -87.77038673)
(41.89891487, -87.74589865)
(42.00948687, -87.66218873)
(41.93257574, -87.6576153)
(42.01610899, -87.66461041)
(41.78821825, -87.78165373)
(41.80608462, -87.70391777)
(41.77187715, -87.65430058)
(41.7949603, -87.73228997)
(41.75606052, -87.65455529)
(41.94729796, -87.6510343)
(41.80215809, -87.61205259)
(41.9417172, -87.73537591)
(41.75033416, -87.66502699)
(41.87680812, -87.68632619)
(41.80333517, -87.60376139)
(41.88176848, -87.74905958)
(41.97676298, -87.90098372)
(41.78868268, -87.62068878)
(41.86655775, -87.63922378)
(41.77094295, -87.59111479)
(41.76792236, -87.67118245)
(41.8092486, -87.69790422)
(41.98863081, -87.81282937)
(41.86578322, -87.72011028)
(41.97486195, -87.89037215)
(41.74568005, -87.5588512)
(41.76501628, -87.61282796)
(41.77714364, -87.6641548)
(41.72230043, -87.62418107)
(41.72165554, -87.62909298)
(41.7213774, -87.6498398)
(41.77031816, -87.62829337)
(41.90977071, -87.73519655)
(41.8020648, -87.61864069)
(41.79946289, -87.59600826)
(41.96933614, -87.76201285)
(41.90580669, -87.68343994)
(42.00720129, -87.69495935)
(41.75646798, -87.58453061)
(41.96062316, -87.75541009)
(41.87025412, -87.7459335)
(41.85098376, -87.70644718)
(41.93009971, -87.76374856)
(41.87760526, -87.66782621)
(41.89608709, -87.62683463)
(41.87995759, -87.63962593)
(41.9621903, -87.72052142)
(42.01874898, -87.67315728)
(41.86391786, -87.70803161)
(41.89427265, -87.72605239)
(41.81039168, -87.60391608)
(41.95912582, -87.74748577)
(41.87535534, -87.62922938)
(41.69444373, -87.6190132)
(41.65138675, -87.53502697)
(41.7007138, -87.62912379)
(41.8181738, -87.63471693)
(41.87942063, -87.7354356)
(41.72290967, -87.63719677)
(41.75416912, -87.69417084)
(41.84151638, -87.71715658)
(41.74859864, -87.61001028)
(41.82876229, -87.61443616)
(41.79122034, -87.68884876)
(41.86787891, -87.70571675)
(41.80416645, -87.65616041)
(41.80207148, -87.64535562)
(41.7800311, -87.62442529)
(41.81020707, -87.68769744)
(41.81020707, -87.68769744)
(41.80347488, -87.58369012)
(41.98104082, -87.84029152)
(41.90405203, -87.75671768)
(41.85679041, -87.70842407)
(41.88120318, -87.64734233)
(42.01939924, -87.67504949)
(41.87407223, -87.72604905)
(41.9244916, -87.72594597)
(41.8877954, -87.76724984)
(41.75336747, -87.64289278)
(41.75691788, -87.71047142)
(41.77774481, -87.65761897)
(41.74883187, -87.57593428)
(41.75264471, -87.60278916)
(41.91676367, -87.67273241)
(41.90754244, -87.64597669)
(41.93963015, -87.75546001)
(41.87778814, -87.6276678)
(41.75263044, -87.6039987)
(41.86914466, -87.67447488)
(41.90613288, -87.66756675)
(41.89519704, -87.66472361)
(41.70407378, -87.66891197)
(41.94731944, -87.64269335)
(41.97451173, -87.73560616)
(41.9790063, -87.90646316)
(42.00839626, -87.67382362)
(41.86684815, -87.72014049)
(41.87531873, -87.7215099)
(41.83756641, -87.64727646)
(41.8817878, -87.63236091)
(41.84936634, -87.68160746)
(41.74545114, -87.68401529)
(41.79690733, -87.69144694)
(41.78331617, -87.59312071)
(41.95749724, -87.65318658)
(41.94456755, -87.64278554)
(41.97567844, -87.65984816)
(41.85148902, -87.7285127)
(41.78756189, -87.68246483)
(41.94630301, -87.73278934)
(41.75786487, -87.61024343)
(41.91708232, -87.65212048)
(41.89252215, -87.71378344)
(41.89718289, -87.75939471)
(41.90228532, -87.75247615)
(42.0058951, -87.66366142)
(41.75659798, -87.56268917)
(41.91443596, -87.73257748)
(41.93543292, -87.66850434)
(41.88638223, -87.77343204)
(41.77675396, -87.58581981)
(41.96486344, -87.65238755)
(42.01874898, -87.67315728)
(41.94024888, -87.70152684)
(41.83167535, -87.6655869)
(41.74330654, -87.5845663)
(41.88352706, -87.63091705)
(41.92144908, -87.74992132)
(41.87783753, -87.62766726)
(41.88574153, -87.6313445)
(41.83313943, -87.61531921)
(41.88535212, -87.66590963)
(41.69979833, -87.62930954)
(41.84085918, -87.62684797)
(42.02253205, -87.66631332)
(41.95351637, -87.73889047)
(41.85510507, -87.66450633)
(41.94722767, -87.71518391)
(41.93250492, -87.6619159)
(41.7436099, -87.62728115)
(41.96528242, -87.71938134)
(41.88022111, -87.73791415)
(41.80290313, -87.60790709)
(41.77901304, -87.61559702)
(41.9069065, -87.63653495)
(41.9568978, -87.78821611)
(41.85427373, -87.71548881)
(41.85176102, -87.70555867)
(41.75755305, -87.63842781)
(41.89815879, -87.63758874)
(41.91508481, -87.74768664)
(41.97676298, -87.90098372)
(41.79621616, -87.72324567)
(41.90113338, -87.62990498)
(42.01158381, -87.66460629)
(41.89589602, -87.67791339)
(41.7798049, -87.64133703)
(41.87870641, -87.63693686)
(41.78718919, -87.73400528)
(41.9084056, -87.69619443)
(41.91966514, -87.72296039)
(41.86449368, -87.639158)
(41.960496, -87.6819396)
(41.90276245, -87.63288458)
(41.76148464, -87.55806373)
(41.90377576, -87.63932407)
(41.89768329, -87.72492917)
(41.66467308, -87.55639353)
(41.85246008, -87.69546527)
(41.85367661, -87.62223984)
(41.77888383, -87.66420637)
(41.72798978, -87.6640497)
(41.87646182, -87.66044658)
(41.66600198, -87.63789798)
(41.7452997, -87.58933616)
(41.86623545, -87.72051715)
(41.7690705, -87.62666845)
(41.69256976, -87.62439788)
(41.83825342, -87.70851638)
(41.81139508, -87.73424922)
(41.89810642, -87.71884246)
(41.89349022, -87.63117518)
(41.88664725, -87.68504438)
(41.89735896, -87.6419243)
(41.74955544, -87.68283423)
(41.87449721, -87.71721809)
(41.74910784, -87.68862884)
(41.83084052, -87.6391071)
(41.92452491, -87.72342852)
(41.9790063, -87.90646316)
(41.90393372, -87.62920935)
(41.99620272, -87.68616301)
(41.66236191, -87.63500573)
(41.70980084, -87.65569406)
(41.90470588, -87.77181359)
(41.75765805, -87.60660631)
(41.9544975, -87.70314343)
(41.92577545, -87.69500374)
(41.90281212, -87.72386663)
(41.84559181, -87.72336402)
(41.97386317, -87.65774906)
(41.72546421, -87.57055638)
(41.95482774, -87.70682391)
(41.90845303, -87.71185869)
(41.86686265, -87.66518414)
(41.72917087, -87.55123535)
(41.71244838, -87.65883435)
(41.93402025, -87.7137495)
(41.77391722, -87.73971222)
(41.92876419, -87.75026258)
(41.81954277, -87.70195535)
(41.79927376, -87.64651513)
(41.90615623, -87.73460946)
(41.84624816, -87.71167934)
(41.89255909, -87.62345046)
(41.99811678, -87.66721215)
(41.90712726, -87.67823202)
(41.77927306, -87.67697216)
(41.86023673, -87.71645928)
(41.87055057, -87.62616865)
(41.74893876, -87.6039049)
(41.83215601, -87.62666848)
(41.85632629, -87.63184982)
(41.93578464, -87.72708842)
(41.7082078, -87.64165126)
(41.69235865, -87.62309675)
(41.89958337, -87.72254559)
(41.91281381, -87.78288202)
(41.79582957, -87.66984276)
(41.8865745, -87.76508651)
(41.93586173, -87.63940632)
(41.89443183, -87.69666757)
(41.89176885, -87.62213702)
(41.77481068, -87.6969428)
(41.87681084, -87.68729554)
(41.86108146, -87.69379005)
(41.76058307, -87.564793)
(41.7958027, -87.67232212)
(41.76991675, -87.66395498)
(41.74041641, -87.69547609)
(41.7832343, -87.61086776)
(41.78780319, -87.68631621)
(41.73197004, -87.63742501)
(41.74048457, -87.55755425)
(41.79580217, -87.67223044)
(41.96745842, -87.65965529)
(41.94743768, -87.69488693)
(41.74227972, -87.71555229)
(41.93591389, -87.63940943)
(41.98133733, -87.80694527)
(41.8996632, -87.72621437)
(41.94000587, -87.64769013)
(41.72324334, -87.61296882)
(41.93343622, -87.64539737)
(41.99085404, -87.78578562)
(41.85384608, -87.71506347)
(41.8081478, -87.66496197)
(42.01009722, -87.66238469)
(41.76765405, -87.7300999)
(41.82831299, -87.62649794)
(41.88066301, -87.70296242)
(41.75237634, -87.5942972)
(41.95320017, -87.76532961)
(41.86850032, -87.66460169)
(41.76462957, -87.64007424)
(41.89181777, -87.65796792)
(41.97486195, -87.89037215)
(41.87827876, -87.67901144)
(41.78611564, -87.65588105)
(41.89800316, -87.72005925)
(41.88011889, -87.77267151)
(41.90377576, -87.63932407)
(41.88102969, -87.72567839)
(41.79077657, -87.73411854)
(41.77485436, -87.78699977)
(41.90001777, -87.62342663)
(41.93969663, -87.75015565)
(41.86774381, -87.69960521)
(41.79152492, -87.65966348)
(41.68254507, -87.64936498)
(41.88177682, -87.62076795)
(41.97361254, -87.65109919)
(41.7905363, -87.65395702)
(41.79586821, -87.62573237)
(41.74768236, -87.65366146)
(41.8843891, -87.70686621)
(41.94672451, -87.69150118)
(41.71219624, -87.61146236)
(41.87001648, -87.77306821)
(41.90982859, -87.67744759)
(41.91724268, -87.66304958)
(41.93416523, -87.75468243)
(41.87808376, -87.74171246)
(41.87762147, -87.77376555)
(41.74621174, -87.63540603)
(41.8859501, -87.72827224)
(41.80046498, -87.7233704)
(41.96563835, -87.64749257)
(41.75090186, -87.62733684)
(41.80671379, -87.74068598)
(41.90615622, -87.67399161)
(41.8878198, -87.76830364)
(41.75259497, -87.57478694)
(41.65815935, -87.61349698)
(41.88200224, -87.66228698)
(41.8345025, -87.73278982)
(41.79986476, -87.67528039)
(41.8783119, -87.71215816)
(41.76471549, -87.6334241)
(41.76199432, -87.58232581)
(41.80615577, -87.6441162)
(41.94869927, -87.76028194)
(41.70100998, -87.63901129)
(41.72878305, -87.5997881)
(41.88477612, -87.76991692)
(41.9262795, -87.74252047)
(41.97530184, -87.65368487)
(41.91765602, -87.68875026)
(41.92490358, -87.68729564)
(41.8949934, -87.622149)
(41.87376368, -87.69942091)
(41.71300566, -87.56941448)
(41.741994, -87.56000575)
(41.70024555, -87.66988148)
(41.78078035, -87.65210214)
(41.8399056, -87.72076843)
(41.84585638, -87.72460935)
(41.96078207, -87.74242246)
(41.75459296, -87.74152854)
(41.84507313, -87.62531155)
(41.75416071, -87.58337367)
(41.74129311, -87.61303826)
(41.93239149, -87.6693077)
(41.78067015, -87.66181929)
(41.73577355, -87.73117506)
(41.94780258, -87.66403451)
(41.92373899, -87.71044998)
(41.80437905, -87.58473223)
(41.94508826, -87.70778309)
(41.7511885, -87.55894623)
(41.67348365, -87.62853488)
(41.89488209, -87.62768167)
(41.96662177, -87.78043712)
(41.89185127, -87.7105028)
(41.73699363, -87.54582776)
(41.97486195, -87.89037215)
(41.85012644, -87.69183276)
(41.92737952, -87.71584226)
(41.74605314, -87.73053301)
(41.79505826, -87.5972836)
(41.7675148, -87.59103334)
(41.87592609, -87.7014007)
(41.89257743, -87.62153673)
(41.68824543, -87.62898153)
(41.82524995, -87.63134896)
(41.74338342, -87.58921904)
(41.82965842, -87.65020454)
(41.98227034, -87.80694126)
(42.00914633, -87.66449568)
(41.68620603, -87.61561536)
(41.86698884, -87.65720501)
(41.69274985, -87.70086819)
(41.80384687, -87.67578614)
(41.80615577, -87.6441162)
(41.87604613, -87.75490591)
(41.84801296, -87.64484158)
(41.92518073, -87.74712764)
(41.72614875, -87.66036153)
(41.91454, -87.69588726)
(41.94268061, -87.79708536)
(41.83289812, -87.71692367)
(41.76035526, -87.55988063)
(41.72883584, -87.60463426)
(41.80989112, -87.70797042)
(41.68712289, -87.62405496)
(41.78898704, -87.74147999)
(41.86755607, -87.68029931)
(41.903142, -87.63077557)
(41.97284491, -87.70860008)
(41.97268673, -87.7220352)
(41.85606467, -87.72609464)
(41.77514028, -87.59004356)
(41.76121859, -87.57619182)
(41.87321963, -87.67586867)
(41.78078211, -87.70438892)
(41.7547878, -87.57605484)
(41.76411266, -87.60012991)
(41.90295593, -87.64445367)
(41.80878576, -87.65117461)
(41.82010711, -87.69532053)
(41.74997321, -87.71884269)
(41.79859801, -87.68415754)
(41.76205015, -87.68184669)
(41.92177601, -87.7822134)
(41.88572959, -87.62582133)
(41.7697434, -87.65545215)
(41.89006093, -87.70727355)
(41.94622144, -87.70825356)
(41.89424269, -87.66814202)
(41.89417115, -87.62142721)
(41.81119289, -87.70163019)
(41.74370807, -87.60736458)
(41.99843414, -87.67704987)
(41.7486871, -87.71544322)
(41.93448915, -87.73017317)
(41.77213223, -87.58872556)
(41.73534982, -87.64359506)
(42.00986636, -87.67416535)
(41.70698746, -87.62024403)
(41.73941461, -87.60368293)
(41.92765854, -87.66945233)
(41.89892659, -87.73173111)
(41.80704164, -87.73090795)
(41.76136433, -87.6576589)
(41.98120477, -87.80736196)
(41.93331482, -87.74986097)
(41.9329192, -87.71109937)
(41.77198029, -87.74088117)
(41.70956277, -87.64290026)
(41.88081515, -87.75263391)
(41.98737657, -87.66967821)
(41.97804827, -87.66622976)
(41.73709431, -87.57299818)
(41.88564243, -87.67675857)
(41.81796922, -87.6092155)
(41.74819873, -87.65003543)
(41.80568241, -87.70513943)
(41.9790063, -87.90646316)
(41.80694965, -87.61952905)
(41.66980929, -87.63442748)
(41.73667088, -87.55972154)
(41.86445414, -87.70222222)
(41.93883609, -87.7460727)
(41.95395518, -87.70233263)
(41.87194344, -87.75544591)
(41.95026954, -87.77997925)
(41.93633564, -87.65071012)
(42.00821137, -87.67221393)
(41.93329804, -87.63930915)
(41.75191172, -87.73780043)
(41.94821416, -87.73881475)
(41.82812329, -87.63994733)
(41.87328888, -87.71808153)
(41.76475296, -87.65896125)
(41.91569011, -87.69544227)
(41.94769126, -87.76785245)
(41.95471994, -87.65455063)
(41.9244916, -87.72594597)
(41.85368957, -87.72481038)
(41.89367561, -87.63412246)
(41.71184338, -87.65025944)
(41.72424373, -87.6744884)
(41.9764212, -87.90497627)
(41.92524638, -87.66143346)
(41.80046498, -87.7233704)
(41.79372976, -87.63414267)
(41.84190476, -87.62953384)
(42.01849825, -87.67298323)
(41.68221022, -87.64935755)
(41.85179037, -87.70340015)
(41.88380445, -87.63681173)
(41.85595949, -87.71512387)
(41.82737375, -87.68256806)
(41.76113557, -87.67641663)
(41.8986169, -87.75260122)
(41.74370792, -87.73023249)
(41.75146446, -87.6440639)
(41.94516653, -87.75517109)
(41.98863081, -87.81282937)
(41.93273899, -87.64811709)
(41.89119945, -87.62413763)
(41.77987283, -87.58645087)
(41.77980097, -87.62537741)
(41.79085762, -87.60777157)
(41.97185262, -87.65048914)
(41.89198447, -87.62416567)
(41.89800744, -87.7286286)
(41.85367661, -87.62223984)
(41.68819981, -87.63861818)
(41.83995607, -87.66580541)
(41.98410903, -87.66085538)
(41.88449753, -87.6258386)
(41.89381345, -87.7739548)
(41.78735056, -87.62627706)
(41.86390428, -87.72388384)
(41.91801957, -87.72780773)
(41.80046498, -87.7233704)
(41.85599925, -87.63990692)
(41.91836359, -87.68574492)
(41.7240935, -87.65666484)
(41.95446153, -87.78660824)
(41.77282382, -87.69200972)
(41.87899424, -87.62610861)
(41.88481014, -87.71111837)
(41.87686027, -87.74393424)
(41.85896046, -87.63000394)
(41.77650041, -87.68357021)
(41.93705952, -87.79688988)
(41.87521987, -87.72927306)
(41.99462997, -87.69344799)
(41.71321226, -87.681831)
(41.73853835, -87.66678345)
(41.71722122, -87.63096913)
(41.8868077, -87.76341347)
(41.98606613, -87.72852058)
(41.93628142, -87.71730738)
(41.92059675, -87.74529931)
(41.97222056, -87.75766982)
(41.93543626, -87.80665766)
(41.88013821, -87.63231284)
(42.01751931, -87.66551931)
(41.92511728, -87.75192)
(41.86294214, -87.70725183)
(42.01220497, -87.69366559)
(41.75286314, -87.7173382)
(41.72605379, -87.65914265)
(41.90584419, -87.72639827)
(41.7719149, -87.65186969)
(41.72176344, -87.62166313)
(41.79406655, -87.59327939)
(41.93038065, -87.70955483)
(41.73014709, -87.54510175)
(41.93760407, -87.72140006)
(41.87198636, -87.69463965)
(41.77179941, -87.69482434)
(41.91078085, -87.71657171)
(41.77173651, -87.66400571)
(41.89775191, -87.71516908)
(41.77427529, -87.59293505)
(41.77483235, -87.69937319)
(41.86023835, -87.72499424)
(41.75611589, -87.60532629)
(41.80770472, -87.66616233)
(41.88672703, -87.7038246)
(41.73528061, -87.66062161)
(41.88472945, -87.76991366)
(41.77449505, -87.69693492)
(41.85199252, -87.68888874)
(41.6883138, -87.65077201)
(41.87604048, -87.69085766)
(41.7564537, -87.62246015)
(41.87417422, -87.66817391)
(41.87173289, -87.71654703)
(41.88316329, -87.64471039)
(41.75414394, -87.59433923)
(41.83044364, -87.67087975)
(41.81252974, -87.60395785)
(41.88852595, -87.64432226)
(41.76823377, -87.62984479)
(41.77524702, -87.66410119)
(41.89038929, -87.61961083)
(41.75843286, -87.62476567)
(41.9868708, -87.77298273)
(41.84796066, -87.72140362)
(41.88960852, -87.76044311)
(41.85250499, -87.71624361)
(41.82489446, -87.62041576)
(41.97986757, -87.69418794)
(41.77176311, -87.69718554)
(41.80066278, -87.6461262)
(41.93831313, -87.78631249)
(41.74561837, -87.70471024)
(41.72912679, -87.60464196)
(41.77427561, -87.60457473)
(41.86409811, -87.71394779)
(41.89917285, -87.74590363)
(41.83045031, -87.61932306)
(41.84704473, -87.71486471)
(41.78792686, -87.71220277)
(41.64891898, -87.54648058)
(41.75416912, -87.69417084)
(41.78875682, -87.74047372)
(41.93058431, -87.74986013)
(41.75416912, -87.69417084)
(41.75416912, -87.69417084)
(41.87610569, -87.73125487)
(41.80608462, -87.70391777)
(41.75662246, -87.56511513)
(41.76657284, -87.62172163)
(41.75127576, -87.566227)
(41.94118899, -87.64043653)
(41.94202444, -87.64933356)
(41.90709251, -87.69446985)
(41.87498578, -87.72547495)
(41.87186868, -87.76189396)
(41.92524638, -87.66143346)
(41.8192473, -87.60432553)
(41.92724106, -87.72073107)
(41.82752829, -87.61326853)
(41.80046498, -87.7233704)
(41.80956929, -87.60362463)
(41.82316305, -87.67087409)
(41.77891291, -87.65326946)
(41.8816011, -87.65799106)
(41.74085848, -87.64740178)
(41.73682621, -87.54582615)
(41.88433183, -87.7545227)
(41.69015958, -87.60715051)
(41.92500885, -87.70078061)
(41.79201242, -87.79822934)
(41.88694881, -87.75106163)
(41.78179389, -87.59623271)
(41.793399, -87.65728222)
(41.75143206, -87.65012574)
(41.88433336, -87.61926694)
(41.92521742, -87.70930748)
(41.72991452, -87.66045778)
(41.89304279, -87.68530292)
(41.78295171, -87.60436283)
(41.757631, -87.58570825)
(41.6976827, -87.6535071)
(41.78421305, -87.71664222)
(41.77685675, -87.77708036)
(41.93182207, -87.64897952)
(41.88852595, -87.64432226)
(41.89670226, -87.62646422)
(41.87580789, -87.75066339)
(41.76556671, -87.58854489)
(41.72662288, -87.6644815)
(41.80437585, -87.68435596)
(41.85037271, -87.67521444)
(41.7712147, -87.67966441)
(41.92459921, -87.7172985)
(41.68094002, -87.53574537)
(41.77073492, -87.57397939)
(41.84188858, -87.7159456)
(41.8805215, -87.6448636)
(41.77296317, -87.72261923)
(41.80153032, -87.7466606)
(42.00113687, -87.66134569)
(41.87753484, -87.67226265)
(41.69745392, -87.61105602)
(41.81836683, -87.69574135)
(41.93686142, -87.75768287)
(41.87173289, -87.71654703)
(41.90594798, -87.74959225)
(41.88058568, -87.64002307)
(41.97486195, -87.89037215)
(41.87690443, -87.62899941)
(41.82467571, -87.61701343)
(41.92789217, -87.74769446)
(41.74919407, -87.6205357)
(41.95377074, -87.75593154)
(41.7927154, -87.58803633)
(41.71928081, -87.62359523)
(41.81902463, -87.70255108)
(41.65696734, -87.61159273)
(41.72992146, -87.60272795)
(41.75583142, -87.61506739)
(41.91784167, -87.72168443)
(41.74360167, -87.56854258)
(41.74142584, -87.62112361)
(41.91223314, -87.63474292)
(41.71482311, -87.56581454)
(41.77681998, -87.69455457)
(41.85527629, -87.69310641)
(41.75048339, -87.59910133)
(41.90948867, -87.68475821)
(41.75989057, -87.55649221)
(41.74771966, -87.59692312)
(41.78038706, -87.66787547)
(41.93462363, -87.70259672)
(41.89005604, -87.77103476)
(41.74859403, -87.61364559)
(41.89711534, -87.76790582)
(41.99115949, -87.67708414)
(41.91475306, -87.67145987)
(41.89571099, -87.6898378)
(41.92916393, -87.7108823)
(41.85387646, -87.61906624)
(41.75845922, -87.61224159)
(41.92130407, -87.73401958)
(41.77964031, -87.80100499)
(41.86908041, -87.7260449)
(41.92597855, -87.75509816)
(41.85589309, -87.67168536)
(41.75423982, -87.71054129)
(41.81500821, -87.68405055)
(41.86734639, -87.63216624)
(41.74470313, -87.64508529)
(41.74106258, -87.7376332)
(41.88649329, -87.70024257)
(41.80413311, -87.70385985)
(41.87565472, -87.76278921)
(41.90389478, -87.63181425)
(41.86034547, -87.71524682)
(41.71372151, -87.62727138)
(41.88428639, -87.64804015)
(41.87490631, -87.69415895)
(41.94118276, -87.7770034)
(41.89313225, -87.74902948)
(41.89116052, -87.75964328)
(41.93569096, -87.74548778)
(41.97899124, -87.65994197)
(41.65435363, -87.60402901)
(41.87263633, -87.71665583)
(41.7684231, -87.64204588)
(41.94516069, -87.75564533)
(41.92207073, -87.66321217)
(41.90500887, -87.72515718)
(41.89817057, -87.72006132)
(41.77685458, -87.68846834)
(41.85013066, -87.69160515)
(41.65754143, -87.61342701)
(41.9745245, -87.77577556)
(41.88264605, -87.69878595)
(41.69217572, -87.65738025)
(41.87270906, -87.62418786)
(41.93989863, -87.75428142)
(41.74813745, -87.73710973)
(41.84755074, -87.70144881)
(41.97676298, -87.90098372)
(41.88145115, -87.65956065)
(41.89537219, -87.72536248)
(41.99338873, -87.65831879)
(41.86299009, -87.70347378)
(41.88258231, -87.66058801)
(41.76555317, -87.69182921)
(41.90313335, -87.68045852)
(41.91877883, -87.74452235)
(41.74243544, -87.54300944)
(41.90577833, -87.72639889)
(41.86686265, -87.66518414)
(41.85730718, -87.66613157)
(41.8171032, -87.65063513)
(41.98610634, -87.80745404)
(41.94725226, -87.65350869)
(41.68623447, -87.62239895)
(41.8665066, -87.69621412)
(41.97316782, -87.71349527)
(41.72888054, -87.57673285)
(41.90265645, -87.72711905)
(41.95488168, -87.66906694)
(41.81902761, -87.66521938)
(41.87941186, -87.75244098)
(41.77962687, -87.71911696)
(41.880396, -87.75332072)
(41.84932905, -87.70395282)
(41.78788874, -87.58769622)
(41.92684991, -87.72561859)
(41.8749336, -87.66662021)
(41.76617842, -87.65171779)
(41.95208984, -87.64789149)
(41.74675387, -87.60383802)
(41.89132763, -87.61517842)
(41.83506976, -87.65106804)
(41.93902741, -87.65529045)
(41.7551893, -87.66841802)
(41.78890158, -87.64168657)
(41.93811045, -87.75667192)
(41.87900097, -87.68880105)
(41.96631687, -87.67911517)
(41.77923474, -87.68520713)
(41.91831893, -87.63911875)
(41.94586378, -87.76788698)
(41.68110974, -87.64201841)
(41.89119945, -87.62413763)
(41.87628378, -87.68873288)
(41.65818839, -87.63330526)
(41.78898704, -87.74147999)
(41.89412274, -87.62513737)
(41.93902741, -87.65529045)
(41.87525463, -87.72649684)
(41.9162844, -87.69819565)
(41.87622766, -87.72161873)
(41.74053292, -87.65589869)
(41.76014263, -87.56213363)
(41.73047281, -87.59027662)
(41.72548971, -87.6176034)
(41.86345487, -87.65266433)
(41.94419404, -87.7555107)
(41.84020501, -87.71467735)
(41.76058792, -87.64429615)
(41.99586972, -87.67585487)
(42.01854091, -87.69409154)
(42.00103274, -87.66560343)
(41.79352178, -87.64149021)
(41.79980899, -87.72335095)
(41.89089749, -87.70518296)
(41.64579585, -87.54247201)
(41.86903444, -87.68209429)
(41.90193135, -87.71059219)
(41.72257838, -87.66270655)
(41.82176783, -87.7003596)
(41.81038596, -87.66901764)
(41.84411271, -87.62844534)
(41.87069384, -87.75470817)
(41.90347587, -87.65946873)
(41.85102174, -87.61895485)
(41.88240718, -87.686468)
(41.8245894, -87.6871347)
(41.77778307, -87.61727154)
(41.88870181, -87.64757061)
(41.67875569, -87.63711641)
(41.86245163, -87.64001342)
(41.91021155, -87.69772315)
(41.87102678, -87.6992607)
(41.89886408, -87.66343648)
(41.73634572, -87.58563641)
(41.8887783, -87.63251219)
(41.94754779, -87.70539908)
(41.94782015, -87.75789307)
(41.94219958, -87.68812452)
(41.75639647, -87.58830642)
(41.81719907, -87.63915907)
(41.87924132, -87.69745731)
(41.98038906, -87.66246128)
(41.88428728, -87.66166081)
(41.84425252, -87.72489981)
(41.75652833, -87.59257099)
(41.80179909, -87.6338789)
(41.88567557, -87.64676199)
(41.94377203, -87.72120508)
(41.86947934, -87.65280603)
(41.89221759, -87.75156837)
(41.84398543, -87.61762751)
(41.76451078, -87.63586388)
(41.76389433, -87.56094509)
(41.91225099, -87.68020396)
(41.87193984, -87.6991195)
(41.88993644, -87.63748699)
(41.8528827, -87.63552861)
(41.79259068, -87.72682246)
(41.9764212, -87.90497627)
(41.76669588, -87.6359685)
(41.69491254, -87.66453919)
(41.84663505, -87.68341155)
(41.91994412, -87.70900612)
(41.89892229, -87.73195888)
(41.74967441, -87.66342139)
(41.97532422, -87.67638618)
(41.78385213, -87.68498463)
(41.80608462, -87.70391777)
(41.94333905, -87.75086128)
(41.92269052, -87.75610161)
(41.74088192, -87.65226386)
(41.96232287, -87.67602706)
(41.79463691, -87.59491574)
(41.71988266, -87.62551166)
(41.70720365, -87.60656688)
(41.74760602, -87.56860499)
(41.84786723, -87.69664134)
(41.88657557, -87.66299932)
(41.73734068, -87.63878865)
(41.87137115, -87.62751442)
(41.98428226, -87.67082481)
(41.96203391, -87.64589873)
(41.90715332, -87.63968057)
(41.75567913, -87.72099459)
(41.79141185, -87.65723342)
(41.89263132, -87.6182857)
(41.77804747, -87.58638773)
(41.678892, -87.63832661)
(41.90552886, -87.71055723)
(41.88462509, -87.69638669)
(41.73567572, -87.64531358)
(41.91114034, -87.63690405)
(41.87137115, -87.62751442)
(41.97676298, -87.90098372)
(41.90446249, -87.64811831)
(41.87749962, -87.76018775)
(41.89006107, -87.70729926)
(41.80297003, -87.68276737)
(41.86221827, -87.63908716)
(41.96423913, -87.66100186)
(41.88753491, -87.70502126)
(41.79519464, -87.58863837)
(41.81089989, -87.60659539)
(41.85273159, -87.70139047)
(41.75173957, -87.5654079)
(41.75968758, -87.58503564)
(41.8964505, -87.67219249)
(41.87499415, -87.67809395)
(41.87093163, -87.68370888)
(41.90624877, -87.76580109)
(41.90916078, -87.6884206)
(41.96197403, -87.6745342)
(41.95364341, -87.72801475)
(41.9764212, -87.90497627)
(41.95112645, -87.78931667)
(41.91778751, -87.74869072)
(41.96461948, -87.72578927)
(41.78302792, -87.59140441)
(41.99004158, -87.65891695)
(41.91041344, -87.64882249)
(42.01225359, -87.69156032)
(41.88210242, -87.68498016)
(41.88776504, -87.62569604)
(41.90307081, -87.64805972)
(41.97043926, -87.65001148)
(41.97486195, -87.89037215)
(41.88166358, -87.62776103)
(41.88195123, -87.63306051)
(41.80858974, -87.60278477)
(41.75500855, -87.7301487)
(41.9054513, -87.71908428)
(41.77369962, -87.65434368)
(41.74286534, -87.62803681)
(41.94018028, -87.70152752)
(41.6492336, -87.5447351)
(41.89671067, -87.65423231)
(41.76632355, -87.63838083)
(41.75561723, -87.64416974)
(41.75748541, -87.58610943)
(41.8868077, -87.76341347)
(41.88892593, -87.65853458)
(41.88120318, -87.64734233)
(41.71916729, -87.63102486)
(41.86640116, -87.70597351)
(41.8843511, -87.66366156)
(41.89538392, -87.72446984)
(41.92864279, -87.75939209)
(41.6586165, -87.60547032)
(41.97685185, -87.65499969)
(41.81233986, -87.73124347)
(41.82132097, -87.62477716)
(41.90843054, -87.63850953)
(41.86662188, -87.68542663)
(41.93542825, -87.72819805)
(41.89500282, -87.62145471)
(41.88747228, -87.64617351)
(41.77243361, -87.72626087)
(41.85153395, -87.72558692)
(41.7690705, -87.62666845)
(41.92020042, -87.80429907)
(41.75433526, -87.57360101)
(41.68932833, -87.65758946)
(41.88781405, -87.68659341)
(41.89664234, -87.68758055)
(41.90939581, -87.76401715)
(41.74828404, -87.72424572)
(41.97486195, -87.89037215)
(41.91735286, -87.71089788)
(41.90943667, -87.76064426)
(41.71822131, -87.61561088)
(41.92823582, -87.68208415)
(41.9414865, -87.75298794)
(41.90316913, -87.75468321)
(41.85045273, -87.73447218)
(41.71928081, -87.62359523)
(41.69583783, -87.65571616)
(41.73790138, -87.70823331)
(41.85157221, -87.72296952)
(41.98337827, -87.73088525)
(41.91564538, -87.74729573)
(41.91444753, -87.70199814)
(41.77804747, -87.58638773)
(41.70685919, -87.61375601)
(41.74492538, -87.66130511)
(41.9306193, -87.71715973)
(41.9623987, -87.64632499)
(41.79904032, -87.62257647)
(41.78148416, -87.59075125)
(41.89416978, -87.72115005)
(41.69423376, -87.61219782)
(41.70201552, -87.52696367)
(41.79128187, -87.69495373)
(41.88875187, -87.72100346)
(41.88858086, -87.76514953)
(41.67854288, -87.67122825)
(41.83411266, -87.63158971)
(41.80352714, -87.60158426)
(41.77297965, -87.57771053)
(41.8940997, -87.69172348)
(41.96785255, -87.66275831)
(41.73385464, -87.63188707)
(41.78551967, -87.73856753)
(41.78726011, -87.70215487)
(41.75212815, -87.60398607)
(41.81083542, -87.63198322)
(41.93462975, -87.7467177)
(41.74418516, -87.64749829)
(41.76309358, -87.60170297)
(41.79621616, -87.72324567)
(41.88486651, -87.69885212)
(41.74915713, -87.56376029)
(41.97616639, -87.69235305)
(41.88290423, -87.76985258)
(41.7886887, -87.72172195)
(41.75047239, -87.63429712)
(41.75071516, -87.71697761)
(41.88361118, -87.70713087)
(41.68815734, -87.65076634)
(41.93293074, -87.63620766)
(41.91514982, -87.67269027)
(41.83053805, -87.61447133)
(41.82266088, -87.61560873)
(41.73516861, -87.70331365)
(41.77599848, -87.59974525)
(41.99715345, -87.69718614)
(41.90846925, -87.76588061)
(41.80347488, -87.58369012)
(41.89315295, -87.63662569)
(41.70720365, -87.60656688)
(41.87546174, -87.65697618)
(41.85552494, -87.6978538)
(41.86249173, -87.70718647)
(41.98039277, -87.69734196)
(41.98924362, -87.66511973)
(41.79304566, -87.68891482)
(41.99015979, -87.72683023)
(41.91043715, -87.74467617)
(41.85770791, -87.67231271)
(41.97316782, -87.71349527)
(41.75998245, -87.69779305)
(41.76561913, -87.58058639)
(41.78078169, -87.70431193)
(41.92808102, -87.6548772)
(41.69672312, -87.54256607)
(41.68073011, -87.63235449)
(41.98731198, -87.75514669)
(41.91240694, -87.68060283)
(41.97676298, -87.90098372)
(41.85901003, -87.71187512)
(41.74741622, -87.70476966)
(41.9090926, -87.71493844)
(41.8141621, -87.61828612)
(41.88171846, -87.62776043)
(41.82467571, -87.61701343)
(41.87698023, -87.7342356)
(41.88188393, -87.64006044)
(41.92710134, -87.68043836)
(41.88842963, -87.66706383)
(41.86760821, -87.68029878)
(41.75865437, -87.6879762)
(41.71185535, -87.64904337)
(41.79019144, -87.6854708)
(41.75863788, -87.6879727)
(41.80213753, -87.58650411)
(41.87436328, -87.64301304)
(41.86366317, -87.717781)
(41.89514687, -87.66789757)
(41.94044355, -87.68185336)
(41.79186673, -87.64144934)
(41.75185728, -87.72272404)
(41.88301135, -87.68508481)
(41.87398648, -87.63065802)
(41.95450877, -87.70070222)
(41.73860446, -87.66070417)
(41.92648463, -87.78555366)
(41.74419498, -87.65842523)
(41.81509077, -87.66636815)
(41.81722321, -87.64453682)
(41.91811656, -87.65252835)
(41.87270906, -87.62418786)
(41.92857359, -87.76979996)
(41.74318325, -87.60379416)
(41.94622144, -87.70825356)
(41.73603247, -87.58810948)
(41.6939587, -87.62178298)
(41.79666084, -87.59342558)
(41.66542691, -87.6215153)
(41.86657808, -87.62413446)
(41.70847813, -87.62476149)
(41.70847813, -87.62476149)
(41.88126446, -87.67996879)
(41.70756007, -87.54012241)
(41.79325007, -87.5820674)
(41.77523046, -87.70892681)
(41.85959081, -87.66762025)
(41.89500328, -87.62152816)
(41.70295792, -87.61966235)
(41.78817781, -87.78409619)
(41.78074856, -87.76427291)
(41.97059998, -87.71464909)
(41.89357311, -87.7219601)
(41.84119502, -87.65524901)
(41.86337523, -87.65963666)
(41.83440479, -87.72672875)
(41.86518308, -87.7115914)
(41.92817699, -87.77343421)
(41.90377576, -87.63932407)
(41.94770788, -87.8107436)
(41.91773961, -87.72779936)
(41.91030902, -87.68813718)
(41.93936408, -87.63952639)
(41.82485218, -87.61144937)
(41.90372258, -87.70994662)
(41.74806034, -87.7413027)
(41.76502746, -87.65570706)
(41.68570275, -87.67887592)
(41.79168961, -87.65966909)
(41.90935845, -87.69088371)
(41.88048995, -87.7458875)
(41.7841856, -87.59432069)
(41.82584526, -87.60055968)
(41.76984105, -87.66273872)
(41.97504466, -87.89941032)
(41.75287908, -87.561407)
(41.74940415, -87.56376467)
(41.7690705, -87.62666845)
(41.80912527, -87.63190651)
(41.74748763, -87.61313759)
(41.76583858, -87.68449889)
(41.7457708, -87.60677336)
(41.78491136, -87.58814505)
(41.75756787, -87.60536486)
(41.88851967, -87.64282025)
(41.84389811, -87.70745954)
(41.74768676, -87.66943357)
(41.91042393, -87.68079203)
(41.77845333, -87.68728278)
(41.76331226, -87.59941694)
(41.76805313, -87.56933361)
(41.94349645, -87.67391579)
(41.86346103, -87.65231551)
(41.70567535, -87.6687197)
(41.95950058, -87.68789855)
(41.90462722, -87.71027578)
(41.83772217, -87.71583153)
(41.89932778, -87.64853685)
(41.89017421, -87.72945171)
(41.94225195, -87.64332879)
(41.91673283, -87.74368507)
(42.02017125, -87.66948819)
(41.90676409, -87.75960646)
(41.75853661, -87.58613023)
(41.89356371, -87.7227719)
(41.87721361, -87.76171783)
(41.88046831, -87.72073737)
(41.76384784, -87.58586334)
(41.77241056, -87.58383932)
(41.77233399, -87.6267536)
(41.80930523, -87.60655839)
(41.79914136, -87.65378545)
(41.84557767, -87.62747503)
(41.9123197, -87.7500559)
(41.7216272, -87.62448518)
(41.79966144, -87.61610015)
(41.90327785, -87.67166289)
(41.97676298, -87.90098372)
(41.7459576, -87.66939275)
(41.92940411, -87.64388253)
(41.92586639, -87.66942314)
(41.92586639, -87.66942314)
(41.97810845, -87.90412276)
(41.76527641, -87.61404934)
(41.85198736, -87.68943569)
(41.91007474, -87.76423889)
(41.94148611, -87.75291076)
(41.73757587, -87.73366438)
(41.89872548, -87.76553345)
(41.89426233, -87.61667347)
(41.91528033, -87.63627853)
(41.91115121, -87.63598179)
(41.74982548, -87.70522623)
(41.79913796, -87.76981683)
(41.78516123, -87.62060312)
(41.92898521, -87.7256755)
(41.97629041, -87.90522722)
(41.76393561, -87.59093531)
(41.78235654, -87.71894792)
(41.87963215, -87.73653158)
(41.89102016, -87.77289939)
(42.01129516, -87.6938918)
(41.7618766, -87.68561275)
(41.94394845, -87.64938651)
(41.87958055, -87.7118007)
(41.79417254, -87.70357593)
(41.88077543, -87.62702903)
(41.87393609, -87.75550874)
(41.84760958, -87.71122206)
(41.71265553, -87.62174163)
(41.99102395, -87.70184525)
(41.93273899, -87.64811709)
(41.95324931, -87.67677468)
(41.88408693, -87.65978268)
(41.87183343, -87.72666505)
(41.87835139, -87.74519839)
(41.9179501, -87.73025178)
(41.84680198, -87.62352713)
(41.89261702, -87.71867104)
(41.86544212, -87.68111014)
(41.93349075, -87.79310497)
(41.70240198, -87.6269558)
(41.86221827, -87.63908716)
(41.86649171, -87.69748821)
(41.81623407, -87.64250776)
(41.93879735, -87.72337707)
(41.77551936, -87.65439048)
(41.89592313, -87.74956601)
(41.83215601, -87.62666848)
(41.73914047, -87.73583726)
(41.88560351, -87.77300182)
(41.90528808, -87.6883163)
(41.89075699, -87.63613388)
(41.98287878, -87.79144084)
(41.80546704, -87.72841391)
(41.69675052, -87.65551617)
(41.75349799, -87.69934496)
(41.90823723, -87.75840667)
(42.01939924, -87.67504949)
(41.76206472, -87.56886584)
(41.73585717, -87.62415286)
(41.75052373, -87.62298)
(41.97023945, -87.71140923)
(41.80499672, -87.72717495)
(41.88461314, -87.73130721)
(41.82679786, -87.61802812)
(41.77751957, -87.61726348)
(41.74270569, -87.657173)
(41.88058568, -87.64002307)
(41.935262, -87.70994462)
(41.79453381, -87.63143854)
(41.75562724, -87.64538274)
(41.90380416, -87.72879799)
(41.910112, -87.63566981)
(41.91322881, -87.7502056)
(41.93991842, -87.65328888)
(41.8528827, -87.63552861)
(41.88680116, -87.64591996)
(41.89644231, -87.65572273)
(41.73487711, -87.56109501)
(41.81449622, -87.72383523)
(41.81072902, -87.60172605)
(41.8127594, -87.69311914)
(41.87280804, -87.67635755)
(41.77278254, -87.69445166)
(41.7429913, -87.63202582)
(41.86881157, -87.62586106)
(41.7554616, -87.64659395)
(41.8665066, -87.69621412)
(41.9581786, -87.70937572)
(41.77730987, -87.64080292)
(41.92100019, -87.63642573)
(41.79719384, -87.7020464)
(41.8059639, -87.73000842)
(41.81177037, -87.7033449)
(41.99304397, -87.66036036)
(41.69474668, -87.64941514)
(41.75522251, -87.65022114)
(41.78422676, -87.65947588)
(41.88999989, -87.65636743)
(41.77408131, -87.59605707)
(41.75761443, -87.58611527)
(41.90260732, -87.730297)
(41.74911627, -87.68817434)
(42.01640565, -87.69256368)
(41.91446228, -87.72403136)
(41.75152891, -87.54804686)
(41.72326994, -87.60934201)
(41.86147457, -87.72992373)
(41.83980401, -87.62796418)
(41.83249613, -87.61032506)
(41.75288683, -87.5662518)
(41.76411266, -87.60012991)
(41.94419009, -87.75581582)
(41.85251917, -87.72352211)
(41.92829745, -87.78073878)
(41.86778528, -87.66011169)
(41.84923217, -87.62778353)
(41.9095099, -87.754997)
(41.89500328, -87.62152816)
(41.89787392, -87.72985301)
(41.77830862, -87.69824274)
(41.93451274, -87.72839782)
(41.88614542, -87.68656985)
(41.88195123, -87.63306051)
(41.75319353, -87.73099761)
(41.81089427, -87.70774057)
(41.80766472, -87.73989594)
(41.70481035, -87.61613725)
(41.75842474, -87.74166926)
(41.79467209, -87.62357087)
(41.67355412, -87.61641112)
(41.79202017, -87.61591032)
(41.68963721, -87.63624854)
(41.87830673, -87.69965875)
(41.88233073, -87.75823869)
(41.90824193, -87.76708393)
(41.84812833, -87.64075168)
(41.74272806, -87.68827127)
(41.78551967, -87.73856753)
(41.9177744, -87.67670855)
(41.86556857, -87.70930047)
(41.88613053, -87.62231341)
(41.6446041, -87.61072825)
(41.82467571, -87.61701343)
(42.00465301, -87.65821445)
(41.91304148, -87.67926639)
(41.79477444, -87.69627227)
(41.91078977, -87.71009095)
(41.97076227, -87.72447326)
(41.84392222, -87.6269207)
(41.80073201, -87.60394496)
(41.88163134, -87.63235528)
(41.93627122, -87.73509968)
(41.88458567, -87.73392585)
(41.87696151, -87.68142264)
(41.72176344, -87.62166313)
(41.7690705, -87.62666845)
(41.89821907, -87.71274398)
(41.86618638, -87.68411671)
(41.99885815, -87.76808763)
(41.69716766, -87.65226756)
(41.89200542, -87.62267062)
(41.77950126, -87.66231911)
(41.94239853, -87.70269286)
(41.72528419, -87.6045535)
(41.87927369, -87.76320134)
(41.75282138, -87.70858699)
(41.99770406, -87.69158881)
(41.88867006, -87.70635063)
(41.67754644, -87.6154224)
(41.74498756, -87.7298614)
(41.75250881, -87.70611994)
(41.80921587, -87.70643274)
(42.01025735, -87.67105575)
(41.89644159, -87.71390717)
(41.97676298, -87.90098372)
(41.80775464, -87.60308403)
(41.85588889, -87.67190931)
(41.90971226, -87.73926766)
(41.74120722, -87.6195028)
(41.91099805, -87.6945595)
(41.73668488, -87.60209072)
(41.76624848, -87.5757148)
(41.81072902, -87.60172605)
(41.85552494, -87.6978538)
(41.77771489, -87.66000234)
(41.78156014, -87.61566028)
(41.91484551, -87.68867567)
(41.77320908, -87.72138512)
(41.90377576, -87.63932407)
(41.89417373, -87.62140147)
(41.8064505, -87.61386039)
(41.85290521, -87.62798175)
(41.89253635, -87.65836436)
(41.91917432, -87.69724841)
(41.96474492, -87.71484914)
(41.64579585, -87.54247201)
(41.77270454, -87.5826298)
(41.76651359, -87.64808896)
(41.83975954, -87.726858)
(41.73381566, -87.61097852)
(41.99520036, -87.80381451)
(41.82176783, -87.7003596)
(41.70159578, -87.63153835)
(41.75310985, -87.65865802)
(41.88355445, -87.65324793)
(41.88350019, -87.6278767)
(41.86293833, -87.69115404)
(41.76779361, -87.67360679)
(41.91582935, -87.73139971)
(41.75349991, -87.69919468)
(41.78385079, -87.68864757)
(41.9144952, -87.72403104)
(41.88575329, -87.62699624)
(41.80764629, -87.74111021)
(41.73562446, -87.72995639)
(41.79110302, -87.69982529)
(41.88543376, -87.72507478)
(41.88553823, -87.61576842)
(41.95147243, -87.67509819)
(41.80648944, -87.62276189)
(41.78698327, -87.71432028)
(41.97676298, -87.90098372)
(41.77122212, -87.73544065)
(41.84711054, -87.69776458)
(41.78188541, -87.59467341)
(41.90548162, -87.68955234)
(41.72259312, -87.63477887)
(41.81370016, -87.61155994)
(41.87380726, -87.69440856)
(41.74989948, -87.66342638)
(41.87616446, -87.72677831)
(41.74989948, -87.66342638)
(41.85587667, -87.71758771)
(41.88460961, -87.73168182)
(41.8121198, -87.62128741)
(41.76902234, -87.62020627)
(41.79346684, -87.68184768)
(41.88568098, -87.76753292)
(41.91115121, -87.63598179)
(41.87994071, -87.70036601)
(41.94051252, -87.7579404)
(41.88304743, -87.68273053)
(41.77469687, -87.69571945)
(41.96538705, -87.65833869)
(41.74700324, -87.58542847)
(41.98810263, -87.66380747)
(41.94242732, -87.75073357)
(41.94427135, -87.80697091)
(41.95643435, -87.72646996)
(41.78315403, -87.59950236)
(41.97486195, -87.89037215)
(41.79957185, -87.74416623)
(41.86662304, -87.74477723)
(41.83100342, -87.62711413)
(41.95643435, -87.72646996)
(41.70134979, -87.6245468)
(41.72656648, -87.63606562)
(41.97486195, -87.89037215)
(41.97629041, -87.90522722)
(41.80082022, -87.66963358)
(41.95912582, -87.74748577)
(41.74410453, -87.59379479)
(41.76929938, -87.57393767)
(41.93059084, -87.72572273)
(41.93686315, -87.75748071)
(41.88549579, -87.61864438)
(41.95160275, -87.72873254)
(42.01714195, -87.67765242)
(41.89155345, -87.76526642)
(41.89844406, -87.65129013)
(41.75761443, -87.58611527)
(41.76159644, -87.57689478)
(41.74384072, -87.56611764)
(41.97676298, -87.90098372)
(41.95024738, -87.78279167)
(41.8798999, -87.68323616)
(41.95025167, -87.78254166)
(41.77268594, -87.6057585)
(41.87188568, -87.70424195)
(41.75830458, -87.6208857)
(41.6875898, -87.68839768)
(41.8202485, -87.61602088)
(41.88118366, -87.68508125)
(41.74888423, -87.70724727)
(41.76419656, -87.67230207)
(41.7716497, -87.67128342)
(42.01192033, -87.66302051)
(41.6838758, -87.72549055)
(41.98082952, -87.89797712)
(41.73555819, -87.73724074)
(41.72896455, -87.56335291)
(41.89286042, -87.77098445)
(41.95683164, -87.71300286)
(41.73209621, -87.66468118)
(41.73996328, -87.64227059)
(41.76327509, -87.59234311)
(41.93398737, -87.76633806)
(41.94621003, -87.66012532)
(41.88452109, -87.62209989)
(41.97685185, -87.65499969)
(41.942236, -87.65539245)
(41.88832207, -87.75291115)
(41.6717222, -87.64536182)
(41.78355665, -87.6084552)
(41.75094674, -87.56258087)
(41.89667145, -87.62859492)
(41.6988898, -87.62928283)
(41.93149537, -87.64436717)
(41.78253994, -87.6411683)
(41.82414185, -87.68611925)
(41.89947656, -87.72620879)
(41.96206212, -87.67601871)
(41.90152683, -87.72627018)
(41.99220501, -87.69756281)
(41.9187879, -87.7659472)
(41.75147623, -87.56501525)
(41.9031995, -87.62762315)
(41.75077211, -87.62453842)
(41.67577466, -87.62044226)
(41.7653326, -87.6279814)
(41.8998551, -87.64447965)
(41.88409095, -87.65953292)
(41.72818726, -87.66686482)
(41.72818726, -87.66686482)
(41.7662476, -87.57599706)
(41.77681375, -87.64592993)
(41.76253262, -87.64002351)
(41.75234525, -87.61011114)
(41.83327108, -87.6844898)
(41.94702433, -87.74812224)
(41.79211719, -87.62402077)
(41.84563824, -87.70750865)
(41.79198564, -87.64388298)
(41.90038437, -87.66862927)
(41.79373111, -87.62406532)
(41.83068594, -87.62324655)
(41.74494506, -87.60378888)
(41.78636211, -87.65952686)
(41.92518014, -87.66607527)
(41.91687229, -87.64726543)
(41.91765602, -87.68875026)
(41.77982511, -87.73011784)
(41.89256519, -87.72232965)
(41.70615761, -87.66010496)
(41.99077853, -87.67381791)
(41.87183477, -87.62615082)
(41.75145765, -87.55289252)
(41.78600109, -87.79500861)
(41.82310149, -87.62158767)
(41.7453994, -87.7288535)
(41.78554294, -87.62463591)
(41.92190953, -87.68145034)
(41.92548678, -87.72680008)
(42.01849825, -87.67298323)
(41.75074413, -87.59910569)
(41.94802574, -87.80464621)
(41.88099266, -87.70452718)
(41.88393885, -87.68313278)
(41.94180714, -87.82156141)
(41.77481271, -87.78979002)
(41.78391772, -87.61394369)
(41.77884052, -87.70313568)
(41.85585299, -87.67473613)
(41.87642696, -87.66246281)
(41.88537507, -87.74381559)
(41.78966841, -87.66083433)
(41.89589602, -87.67791339)
(41.91412972, -87.63344367)
(41.76827427, -87.61290881)
(41.79963871, -87.75516445)
(41.76219896, -87.6661721)
(41.82737375, -87.68256806)
(41.7188704, -87.65608596)
(41.89232854, -87.64052046)
(41.86285073, -87.71571095)
(41.77632263, -87.60583838)
(41.74305151, -87.60379199)
(41.93897199, -87.65241682)
(41.89920657, -87.70559741)
(41.99696779, -87.65842812)
(41.92480153, -87.69802299)
(41.76463688, -87.56118177)
(41.66634525, -87.62179432)
(41.76752836, -87.6699585)
(41.7932348, -87.69378654)
(41.81896144, -87.69163763)
(42.01950408, -87.6661168)
(41.88108866, -87.72076449)
(41.7651948, -87.62654603)
(41.90399688, -87.64323024)
(41.88365756, -87.73434582)
(41.77668465, -87.66781476)
(41.92985134, -87.64891606)
(42.00791918, -87.66535113)
(41.8185851, -87.69452488)
(41.7386861, -87.69621503)
(41.89908052, -87.75202768)
(41.88460652, -87.76501581)
(41.8802818, -87.76229271)
(41.96601212, -87.65963743)
(41.85285908, -87.71015813)
(41.86681074, -87.62581703)
(41.96133607, -87.64989918)
(41.76570554, -87.68816579)
(42.00319546, -87.81248625)
(41.87855873, -87.74818183)
(41.8491918, -87.69400759)
(41.80040449, -87.59819798)
(41.9694404, -87.70728013)
(41.89307048, -87.72601604)
(41.94007614, -87.6424738)
(41.97629041, -87.90522722)
(41.74949045, -87.60219094)
(41.76584338, -87.5762914)
(41.71040966, -87.6162801)
(41.83289812, -87.71692367)
(41.7729945, -87.66892337)
(41.98451557, -87.66562525)
(41.90075507, -87.73188659)
(41.80110851, -87.68698558)
(41.99914156, -87.79332629)
(41.78436955, -87.7070195)
(41.7876514, -87.70094832)
(41.89593993, -87.73103188)
(41.97988292, -87.83904999)
(41.7732371, -87.63487118)
(41.86934982, -87.74565173)
(41.90281212, -87.72386663)
(41.88209996, -87.6850316)
(41.71834652, -87.57403236)
(41.68051502, -87.64443719)
(41.72991452, -87.66045778)
(41.74998607, -87.56092128)
(41.73632542, -87.63564132)
(41.71382178, -87.63695788)
(41.79427004, -87.64820411)
(41.88152445, -87.66270693)
(41.87280038, -87.66174804)
(41.83244664, -87.6315492)
(41.92524661, -87.66147388)
(41.76192861, -87.71497532)
(41.86634674, -87.77293137)
(41.73773311, -87.69312473)
(41.76806982, -87.56730628)
(41.73177961, -87.63498709)
(41.94354257, -87.65591159)
(41.89748638, -87.76913671)
(41.79005176, -87.78172235)
(41.89469218, -87.61563657)
(41.76799547, -87.57471184)
(41.89414893, -87.62360181)
(41.84994342, -87.70589577)
(41.82329046, -87.67060128)
(41.751618, -87.64770869)
(41.77619062, -87.60709369)
(41.78551967, -87.73856753)
(41.88317136, -87.67510197)
(41.80684211, -87.66036132)
(41.90176685, -87.71774577)
(41.92859129, -87.76227365)
(41.80062006, -87.5844129)
(41.76079972, -87.69869031)
(41.84728631, -87.69531481)
(41.81573368, -87.62300822)
(41.76153435, -87.5896618)
(41.9473234, -87.64518192)
(41.80226856, -87.60563665)
(41.90992465, -87.67745029)
(41.85582094, -87.67680673)
(41.85907653, -87.70593498)
(41.86194735, -87.72383268)
(41.76650758, -87.68390565)
(41.80469259, -87.62109457)
(41.75865701, -87.65601599)
(41.80850934, -87.67481779)
(41.75068278, -87.61369922)
(41.97035696, -87.72566488)
(41.88465026, -87.62791546)
(41.93847653, -87.77409024)
(41.93975673, -87.76654056)
(41.7147973, -87.67824389)
(41.81113883, -87.6860044)
(41.84269583, -87.61721984)
(41.97392356, -87.6577521)
(41.78677439, -87.66244861)
(41.90377576, -87.63932407)
(41.75625909, -87.62471994)
(41.67567384, -87.62499696)
(41.89103844, -87.77102614)
(41.76445993, -87.64152394)
(41.73861075, -87.71711901)
(41.89828549, -87.76368608)
(41.85358742, -87.70582712)
(41.88312945, -87.67784926)
(41.74644059, -87.61641433)
(41.88532544, -87.62793007)
(41.91547489, -87.71581006)
(41.98339581, -87.76833475)
(41.97685185, -87.65499969)
(41.87989042, -87.63083203)
(41.78118411, -87.61564981)
(41.90819002, -87.67404783)
(41.87863126, -87.76480805)
(41.78060532, -87.77648334)
(41.86660405, -87.68664569)
(41.67823774, -87.68073427)
(41.9790036, -87.65505041)
(41.80612615, -87.65760691)
(41.74586952, -87.55278431)
(41.8138208, -87.68858922)
(41.89564352, -87.77332177)
(41.90842459, -87.75965405)
(41.8558144, -87.72237124)
(41.98082628, -87.88361132)
(41.77253239, -87.57646936)
(41.87843334, -87.75812676)
(41.94927592, -87.67251079)
(41.75971855, -87.61834106)
(41.85597761, -87.72727743)
(41.88237967, -87.75269319)
(41.75261566, -87.58211264)
(41.90697843, -87.63302218)
(41.95201573, -87.64788861)
(41.87652043, -87.64395553)
(41.89500328, -87.62152816)
(41.88754077, -87.64753161)
(41.89256982, -87.62208039)
(41.89500328, -87.62152816)
(41.70136347, -87.65129683)
(41.77077269, -87.57888017)
(41.87917027, -87.75350806)
(41.7552777, -87.64658858)
(41.75075187, -87.56257587)
(41.88929897, -87.68664454)
(41.90211109, -87.63407452)
(41.81027522, -87.7432245)
(41.7430094, -87.63409593)
(41.71720994, -87.61890034)
(42.01874898, -87.67315728)
(41.89332536, -87.62488541)
(41.7517949, -87.73538643)
(41.75959381, -87.6041691)
(41.90755602, -87.67738636)
(41.91507512, -87.6537768)
(41.89537457, -87.620334)
(41.89203927, -87.76528415)
(41.7761058, -87.61192663)
(41.77577595, -87.5768565)
(41.89022487, -87.75420507)
(41.88968335, -87.63107364)
(41.90005333, -87.73361225)
(41.88211436, -87.63236101)
(41.72806407, -87.65798597)
(41.84199894, -87.71350772)
(41.78463482, -87.64178743)
(41.88305731, -87.75103086)
(41.77730987, -87.64080292)
(41.7805351, -87.71909363)
(41.79341526, -87.65121293)
(41.96231614, -87.68061947)
(41.87943486, -87.70219601)
(41.74676537, -87.60262495)
(41.86540591, -87.70563814)
(41.7678129, -87.59385247)
(41.7050135, -87.60394018)
(41.84607246, -87.64159229)
(41.92080292, -87.64375099)
(41.95602392, -87.75815384)
(41.86071175, -87.7231873)
(41.87785023, -87.62929012)
(41.92487042, -87.69067666)
(41.87431846, -87.7285068)
(41.97004456, -87.76264636)
(41.73896064, -87.66436449)
(41.89599301, -87.63568392)
(41.88349097, -87.64124391)
(41.81121228, -87.61568886)
(41.90715332, -87.63968057)
(41.9582335, -87.70937886)
(41.96375507, -87.72423848)
(41.87459188, -87.70883451)
(41.88578732, -87.6218398)
(41.88549579, -87.61864438)
(41.80841881, -87.62857634)
(41.73364605, -87.64964013)
(41.80971158, -87.58774765)
(41.7335097, -87.56057648)
(42.01842133, -87.68451727)
(41.97542263, -87.73874196)
(41.77884385, -87.65691083)
(42.00047067, -87.68144375)
(41.88367913, -87.64975058)
(41.92280693, -87.71418136)
(41.68590718, -87.61390532)
(41.88331094, -87.76329398)
(41.88513481, -87.67246341)
(41.87362057, -87.71139214)
(41.71137603, -87.60024608)
(41.82417777, -87.70444135)
(41.8972675, -87.63272057)
(41.87289448, -87.62756008)
(41.88889392, -87.76132358)
(41.89804176, -87.71395783)
(41.75336747, -87.64289278)
(41.90295958, -87.6929719)
(41.95646511, -87.70564978)
(41.84765561, -87.70756973)
(41.83023609, -87.6801614)
(41.93278926, -87.6455109)
(41.86245163, -87.64001342)
(41.87304898, -87.68446584)
(41.75359024, -87.71679984)
(41.91116009, -87.63518447)
(41.88201274, -87.72631171)
(41.78701723, -87.6455056)
(41.89417373, -87.62140147)
(41.80306083, -87.58542609)
(41.7385606, -87.55874256)
(41.7648323, -87.57694474)
(41.90399688, -87.64323024)
(41.92799852, -87.67320816)
(41.80462016, -87.68436817)
(41.76502548, -87.57627535)
(41.7474552, -87.5673865)
(41.84414381, -87.73239873)
(41.77809172, -87.74835545)
(41.89754796, -87.62565049)
(41.75146867, -87.66710779)
(41.88574103, -87.63171175)
(41.65844059, -87.63959682)
(41.91402362, -87.63675514)
(41.8441437, -87.73237671)
(42.01304678, -87.6862057)
(41.88349097, -87.64124391)
(41.87966705, -87.63696315)
(41.88795567, -87.62057809)
(41.80881656, -87.61657392)
(41.88852595, -87.64432226)
(41.94227632, -87.64099449)
(41.90927992, -87.77337527)
(41.93005771, -87.79544182)
(41.92070939, -87.65709381)
(41.91113337, -87.67863192)
(41.71555945, -87.61519365)
(41.78389305, -87.61526394)
(41.77503749, -87.65924213)
(41.87892626, -87.62933706)
(41.74221153, -87.66323148)
(42.00791383, -87.66584791)
(41.94174664, -87.73312982)
(41.89834706, -87.64195405)
(41.90460275, -87.7123442)
(41.82333478, -87.62159242)
(41.7636479, -87.627582)
(41.88614694, -87.62452403)
(41.86421017, -87.69334403)
(41.88449439, -87.62666491)
(41.81260744, -87.62292538)
(41.90156927, -87.69809538)
(41.95252653, -87.66470563)
(41.8075709, -87.67101641)
(41.90536308, -87.64179019)
(41.91155386, -87.77035749)
(41.78245192, -87.66429393)
(41.75564307, -87.54370869)
(41.85758221, -87.62232505)
(41.89845137, -87.69801609)
(41.70586385, -87.53770793)
(41.88904901, -87.64003806)
(41.97394176, -87.90312839)
(41.85826628, -87.7200316)
(41.9764212, -87.90497627)
(41.82887018, -87.62651382)
(41.83322493, -87.67781194)
(41.87436328, -87.64301304)
(41.8794992, -87.62700269)
(41.97649579, -87.90510816)
(41.97994311, -87.80155034)
(41.8068116, -87.64548097)
(41.78157927, -87.61083134)
(41.88959436, -87.68452245)
(41.78162679, -87.64128444)
(41.98358889, -87.77923475)
(41.90933918, -87.76866497)
(41.78077994, -87.66182182)
(41.9251098, -87.72556896)
(41.72493115, -87.63250432)
(41.8191771, -87.62780172)
(41.83804843, -87.61348822)
(41.80211545, -87.58775136)
(41.77723722, -87.69260367)
(41.75622643, -87.58452243)
(41.90306368, -87.76433421)
(41.85572684, -87.68390682)
(41.85960522, -87.63900163)
(41.85623078, -87.62389641)
(41.80178679, -87.59507572)
(41.75003897, -87.64523719)
(41.88448407, -87.62321302)
(41.90981783, -87.67126838)
(41.7690705, -87.62666845)
(41.87826548, -87.68635555)
(41.85299361, -87.68197807)
(41.87973405, -87.66675024)
(41.76523047, -87.62654564)
(41.91984232, -87.65897689)
(41.87652702, -87.65659776)
(41.75628243, -87.56146884)
(41.87683815, -87.63432072)
(41.90596541, -87.67421398)
(41.88447161, -87.63280163)
(41.97994311, -87.80155034)
(41.86681074, -87.62581703)
(41.93999176, -87.72817328)
(41.88391364, -87.68449914)
(41.89144754, -87.61768188)
(41.96412661, -87.66099937)
(41.74091899, -87.63196775)
(41.78065939, -87.71209692)
(41.75092552, -87.59060882)
(41.79913281, -87.58908055)
(41.88233468, -87.75793019)
(41.68976867, -87.66484144)
(41.88530442, -87.63391629)
(41.70510409, -87.64212765)
(41.88796617, -87.6347907)
(41.85219833, -87.6743772)
(41.92913741, -87.63924401)
(41.80943438, -87.70523849)
(41.69393122, -87.61340583)
(41.8295801, -87.68014238)
(42.01702786, -87.67116215)
(41.77980689, -87.61440027)
(42.02178369, -87.67071534)
(41.97652518, -87.65081435)
(41.81307549, -87.67237198)
(41.85199252, -87.68888874)
(41.77997505, -87.63093738)
(41.75602528, -87.61140756)
(41.87246144, -87.73337457)
(41.77269374, -87.58139817)
(41.77107306, -87.56827866)
(41.75824989, -87.56635653)
(41.67382016, -87.62613003)
(42.00186774, -87.70461509)
(41.83322493, -87.67781194)
(41.76965478, -87.59009589)
(41.88647205, -87.75773882)
(41.77963102, -87.71886761)
(41.81145431, -87.69185562)
(41.78582382, -87.71559644)
(41.75549825, -87.64538045)
(41.79844664, -87.58906648)
(41.71739709, -87.6176639)
(41.77504224, -87.66286785)
(41.79703042, -87.58903886)
(41.89245821, -87.62890568)
(41.83046966, -87.66825964)
(41.65872303, -87.59935047)
(41.90404463, -87.7574304)
(41.72503226, -87.61422364)
(41.70547414, -87.53770541)
(41.85434512, -87.67835247)
(41.8932557, -87.62917605)
(41.69452013, -87.59634395)
(41.757631, -87.58570825)
(42.00883009, -87.6849459)
(41.77130464, -87.65913825)
(41.77434475, -87.60336048)
(41.93944442, -87.68959677)
(41.79037523, -87.61749078)
(41.87049413, -87.6335307)
(41.79233218, -87.61753502)
(41.90287747, -87.70193214)
(41.98954724, -87.66025374)
(41.9790063, -87.90646316)
(41.80422121, -87.59298283)
(41.88195123, -87.63306051)
(41.79460554, -87.59815424)
(41.89647233, -87.64325248)
(41.72743287, -87.61061775)
(41.87486312, -87.75377097)
(41.75664045, -87.66359084)
(41.88038024, -87.62435275)
(41.99866189, -87.68138127)
(41.98048356, -87.66125763)
(41.87828668, -87.71409354)
(41.8577695, -87.66777128)
(41.75392524, -87.66907609)
(41.88233367, -87.62784179)
(41.77239317, -87.65014897)
(41.79553646, -87.65489804)
(41.76442909, -87.65895365)
(41.87987681, -87.62771826)
(41.76447869, -87.63464728)
(41.87756033, -87.62766296)
(41.88394999, -87.68219256)
(42.00061873, -87.66802855)
(41.78121566, -87.57485669)
(41.77247179, -87.71133643)
(41.97569533, -87.75778931)
(41.73431468, -87.57929966)
(41.77540573, -87.64269312)
(41.75607638, -87.63838877)
(41.78898704, -87.74147999)
(41.67005981, -87.64044933)
(41.74941547, -87.65856478)
(41.89670378, -87.76182321)
(41.87431234, -87.72890708)
(41.95995023, -87.72657263)
(41.88010167, -87.6864068)
(41.73854468, -87.72015712)
(41.81302022, -87.69068082)
(41.89590426, -87.73103222)
(41.73138934, -87.55543623)
(41.83967265, -87.72807352)
(41.89579593, -87.75807383)
(41.88317507, -87.64164759)
(41.84556913, -87.70993894)
(41.8307508, -87.62664357)
(41.83524403, -87.65268812)
(41.82443575, -87.63780412)
(41.75232144, -87.59429417)
(41.93118472, -87.77288238)
(41.81934012, -87.65069208)
(41.8787539, -87.67571647)
(41.78672931, -87.66601684)
(41.75245968, -87.57966637)
(41.90282982, -87.63855189)
(41.8558703, -87.65880509)
(41.72997313, -87.65316675)
(41.73966482, -87.64650213)
(42.01939924, -87.67504949)
(41.78643731, -87.69183739)
(41.85665036, -87.68464998)
(42.01987096, -87.67309047)
(41.82121489, -87.62315309)
(41.86185968, -87.72748988)
(41.88360375, -87.75762869)
(42.00544623, -87.66621956)
(41.8615174, -87.66245348)
(41.80310276, -87.66903786)
(41.8871125, -87.77405733)
(41.8868435, -87.76509882)
(42.00277394, -87.77590794)
(41.95916461, -87.77453441)
(41.97254577, -87.70859565)
(41.9764212, -87.90497627)
(41.65911651, -87.61383763)
(41.7430318, -87.62431576)
(41.80499615, -87.60646772)
(41.9733392, -87.65313205)
(41.81536742, -87.63986483)
(41.87924132, -87.69745731)
(41.88319163, -87.70618385)
(41.87927301, -87.62770654)
(41.66218424, -87.55198061)
(41.88433547, -87.61916409)
(41.83313943, -87.61531921)
(41.71046414, -87.65184156)
(41.90370011, -87.64407833)
(41.7800515, -87.62595394)
(41.94050342, -87.81783379)
(41.79831911, -87.70859271)
(41.89880663, -87.67103686)
(41.90560103, -87.63215558)
(41.91083418, -87.71170334)
(42.01939924, -87.67504949)
(41.87517653, -87.63364853)
(41.88357612, -87.73556946)
(41.79242553, -87.62240386)
(41.885415, -87.6354024)
(41.97676298, -87.90098372)
(41.73088332, -87.60250822)
(41.91076487, -87.65812092)
(41.89976799, -87.73678491)
(41.75761443, -87.58611527)
(41.85519055, -87.6238712)
(41.80797285, -87.66981284)
(41.77832351, -87.57573767)
(41.89251651, -87.66718664)
(41.87375362, -87.62759101)
(41.97676298, -87.90098372)
(41.75563503, -87.73239313)
(41.79875882, -87.59662512)
(41.90001777, -87.62342663)
(41.88633546, -87.6360424)
(41.87788051, -87.73374249)
(41.90938301, -87.76531043)
(41.86725154, -87.63959443)
(41.8894927, -87.75540162)
(41.77690476, -87.67505689)
(41.77104587, -87.62125062)
(41.79684705, -87.66830666)
(41.75430369, -87.58215526)
(41.87535534, -87.62922938)
(41.87908617, -87.74936676)
(41.76951941, -87.65423381)
(41.85980723, -87.7213274)
(41.86743028, -87.62615531)
(41.81655663, -87.68465121)
(41.68522624, -87.63070584)
(41.74757831, -87.57104222)
(41.80215823, -87.61207459)
(41.75602484, -87.64946497)
(41.74963241, -87.54922434)
(41.76684326, -87.72104973)
(41.91783936, -87.75841602)
(41.75016797, -87.64523947)
(41.85393075, -87.62384107)
(41.83313943, -87.61531921)
(41.80859321, -87.66557723)
(41.764853, -87.66906602)
(41.76448748, -87.69610645)
(41.89659259, -87.69290695)
(41.86540591, -87.70563814)
(41.87327973, -87.73821724)
(41.72691043, -87.60307711)
(42.0036838, -87.70101)
(41.77846967, -87.69215878)
(41.8941716, -87.62150067)
(41.99958179, -87.68779901)
(41.82479606, -87.60733347)
(41.89910526, -87.71678325)
(41.9300917, -87.71753966)
(41.91084037, -87.7361381)
(41.75803228, -87.61024521)
(41.72927435, -87.56823629)
(41.88169386, -87.65232391)
(41.77936273, -87.67060281)
(41.92528895, -87.72312727)
(41.80181253, -87.59823323)
(41.7877139, -87.58824093)
(41.93990585, -87.65441005)
(41.78535388, -87.73517738)
(41.80046498, -87.7233704)
(41.87776207, -87.63688469)
(41.749839, -87.70318488)
(41.89328735, -87.65634373)
(41.88639335, -87.76508077)
(41.879918, -87.62772148)
(41.81728138, -87.6168097)
(41.80991922, -87.62980338)
(41.80959808, -87.60081824)
(41.97685185, -87.65499969)
(41.96725901, -87.65514927)
(41.98871923, -87.66838421)
(41.66262566, -87.64506341)
(41.90347807, -87.6314331)
(41.66885507, -87.62871713)
(41.65432701, -87.60589186)
(41.98152379, -87.80871281)
(41.90538103, -87.72444098)
(41.78235665, -87.71896992)
(41.86693762, -87.6241415)
(41.91285291, -87.70345773)
(41.85877651, -87.73140643)
(41.75445176, -87.5614358)
(41.77923532, -87.68530978)
(41.89399011, -87.70215558)
(41.86807973, -87.63226837)
(41.71889263, -87.65288069)
(41.68923883, -87.54010222)
(41.84375758, -87.72575227)
(41.81483581, -87.69195394)
(41.87380752, -87.69445629)
(41.88797062, -87.62166132)
(41.88816513, -87.62293721)
(41.94924036, -87.64634867)
(41.72118729, -87.66463678)
(41.84110344, -87.62685262)
(41.99855496, -87.68868497)
(41.73431236, -87.64495076)
(41.80249951, -87.58604145)
(41.94430592, -87.73240007)
(41.71201895, -87.62843638)
(41.95871497, -87.71061686)
(41.90936893, -87.64945819)
(41.80284852, -87.69190479)
(41.74490545, -87.62687486)
(41.94224094, -87.72900845)
(41.80505945, -87.62272634)
(41.9790063, -87.90646316)
(41.757631, -87.58570825)
(41.69557261, -87.61344977)
(41.76936427, -87.68826843)
(41.88990668, -87.62410051)
(41.74216793, -87.60207981)
(41.91062096, -87.66825856)
(41.67988968, -87.61975988)
(41.91956084, -87.7006507)
(41.77399895, -87.70302177)
(41.85166314, -87.73450861)
(41.8628421, -87.70201046)
(41.86745334, -87.62455434)
(41.96538039, -87.65907415)
(41.90889865, -87.69208596)
(41.7290493, -87.62338881)
(41.84553298, -87.69833071)
(41.89565256, -87.75194857)
(41.99103143, -87.79838285)
(41.76434902, -87.67352111)
(41.93214796, -87.69065139)
(41.9764212, -87.90497627)
(41.7421539, -87.66323208)
(41.87421945, -87.73633226)
(41.76466941, -87.68496886)
(41.89812827, -87.67956551)
(41.87351721, -87.70100585)
(41.72118063, -87.62371719)
(41.7463841, -87.65362752)
(41.90089401, -87.75574329)
(41.85854306, -87.67677522)
(41.93888213, -87.7427423)
(41.72336001, -87.62378112)
(41.85558733, -87.69180021)
(41.79843987, -87.74444066)
(41.98223464, -87.66130542)
(41.89555583, -87.75561876)
(41.72886642, -87.58547403)
(41.76139623, -87.55797683)
(41.88012367, -87.74940138)
(41.88066079, -87.73118641)
(41.766946, -87.59517838)
(41.73936905, -87.62268524)
(41.96551358, -87.71694127)
(41.80865964, -87.66096953)
(41.93926234, -87.71335694)
(41.71557103, -87.64305572)
(41.81969646, -87.70195751)
(41.88427781, -87.66332814)
(41.94614058, -87.74595052)
(41.90453686, -87.63450356)
(41.88805989, -87.75045291)
(41.77037306, -87.62829644)
(41.74249032, -87.54300877)
(41.93663514, -87.73594896)
(41.88122788, -87.64734207)
(41.77102113, -87.62257427)
(41.90491436, -87.68287592)
(41.75981861, -87.60543105)
(41.89034077, -87.65460829)
(41.86402376, -87.70681909)
(41.74588573, -87.65846982)
(41.91401335, -87.68611956)
(41.77696622, -87.5872325)
(41.91273011, -87.68972566)
(41.79329893, -87.66456619)
(41.88548754, -87.72642205)
(41.79532766, -87.62086088)
(42.01939924, -87.67504949)
(41.71178969, -87.6874856)
(41.91466597, -87.68408488)
(41.88727594, -87.68169605)
(41.87746989, -87.76248298)
(41.83805499, -87.64545841)
(41.94660531, -87.64946472)
(41.71003614, -87.6658877)
(41.82092764, -87.64585454)
(41.79355288, -87.62676263)
(41.67924166, -87.61661523)
(41.7335097, -87.56057648)
(41.86179521, -87.62241788)
(41.74812636, -87.65124916)
(41.7375811, -87.60363407)
(41.75483021, -87.56508153)
(41.72724838, -87.57061221)
(41.93950746, -87.71250553)
(41.97718791, -87.80750535)
(41.86725154, -87.63959443)
(41.90587991, -87.66511911)
(41.86472599, -87.71537351)
(41.88958211, -87.62664923)
(41.73735091, -87.55395367)
(41.78352202, -87.59312567)
(41.93986462, -87.65718917)
(41.75038234, -87.60521517)
(41.70281322, -87.60925294)
(42.01251006, -87.80784742)
(41.86981062, -87.77305899)
(41.87767752, -87.77007475)
(41.8312144, -87.60769026)
(41.77537879, -87.66410715)
(41.87756569, -87.68489383)
(41.86807973, -87.63226837)
(41.89000981, -87.71200811)
(41.70040715, -87.66935252)
(41.86725154, -87.63959443)
(41.74849934, -87.66616372)
(41.7216272, -87.62448518)
(41.69256976, -87.62439788)
(41.82619743, -87.62165244)
(41.87357813, -87.76461417)
(41.75421311, -87.58215265)
(41.93985633, -87.64197263)
(41.80229502, -87.65386583)
(41.65843359, -87.64528004)
(41.75786487, -87.61024343)
(41.74563839, -87.56614021)
(41.75761443, -87.58611527)
(41.82036583, -87.60804755)
(42.0046383, -87.65944715)
(41.91195825, -87.77280445)
(41.87463493, -87.74505255)
(41.9854215, -87.8297566)
(41.92566951, -87.66575782)
(41.87716145, -87.67653695)
(41.71223524, -87.61024597)
(41.89002175, -87.75419589)
(41.97572747, -87.71032612)
(41.96688474, -87.68149578)
(41.69723303, -87.6425305)
(42.01939924, -87.67504949)
(41.96794593, -87.66277203)
(41.88366092, -87.69522847)
(41.92467284, -87.71110601)
(41.76683528, -87.6233316)
(41.92938643, -87.70789243)
(41.89342149, -87.68432946)
(41.76180304, -87.62925894)
(41.90536309, -87.72727345)
(41.77092598, -87.68830411)
(41.90152113, -87.72260793)
(41.67155404, -87.62847906)
(41.86842216, -87.68689538)
(41.99859476, -87.68746685)
(41.8929865, -87.75711472)
(41.75563503, -87.73239313)
(41.88660908, -87.6612215)
(41.89122052, -87.64473403)
(41.75195036, -87.5498851)
(41.93107042, -87.73923122)
(41.88452934, -87.73892812)
(41.9790063, -87.90646316)
(41.885882, -87.66077741)
(41.78410301, -87.6019995)
(41.9936133, -87.66151681)
(41.90952658, -87.75394982)
(41.77312953, -87.67617695)
(41.82635845, -87.63311632)
(41.99150205, -87.81848558)
(41.92992517, -87.74652561)
(41.86623545, -87.72051715)
(41.96104699, -87.71968673)
(41.85167038, -87.71413744)
(41.78526836, -87.61445292)
(41.8672344, -87.64130179)
(41.86684367, -87.62581667)
(41.89542064, -87.72053941)
(41.74091899, -87.63196775)
(41.810803, -87.63341781)
(41.7984293, -87.74452144)
(41.93389779, -87.76876447)
(41.89592595, -87.74904075)
(41.74505265, -87.60258208)
(41.83740618, -87.6134734)
(41.89038956, -87.75421093)
(41.99891565, -87.67727301)
(41.87884043, -87.63958293)
