(41.89795424, -87.72738759)
(41.74126235, -87.73805274)
(41.94588975, -87.78627714)
(41.73605409, -87.5893293)
(41.90426257, -87.62868777)
(41.74784567, -87.55282267)
(41.92028923, -87.76877789)
(41.75059347, -87.61127419)
(41.745394, -87.60016337)
(41.8942312, -87.72237621)
(41.89110071, -87.65550006)
(41.90570321, -87.69286367)
(41.7855497, -87.68380885)
(41.79053355, -87.61911716)
(41.9392116, -87.71769818)
(41.84372466, -87.72939691)
(41.73585144, -87.62455961)
(41.7431925, -87.61309032)
(41.8728189, -87.70177277)
(41.75189725, -87.55377773)
(42.01297737, -87.68169874)
(41.83913193, -87.65907999)
(41.88174073, -87.75116033)
(41.74942382, -87.60726354)
(41.80703328, -87.72723278)
(41.89444132, -87.6203003)
(41.78620317, -87.7060923)
(41.75145288, -87.62456758)
(41.87835948, -87.69481487)
(41.74381567, -87.61443915)
(41.75749691, -87.62474298)
(41.96009015, -87.7167803)
(41.85560359, -87.69127147)
(41.67716733, -87.63225039)
(41.74860205, -87.65884448)
(41.78243692, -87.71398635)
(41.87755519, -87.75594248)
(41.85384608, -87.71506347)
(41.91765602, -87.68875026)
(41.83787931, -87.7231547)
(41.77052973, -87.62343383)
(41.73353756, -87.60474598)
(41.9329365, -87.69278607)
(41.8749748, -87.72547505)
(41.67907771, -87.63230287)
(41.87281603, -87.70225012)
(41.93844527, -87.70340441)
(41.98601098, -87.81911466)
(41.76739076, -87.69065255)
(41.95371873, -87.72306204)
(41.91798038, -87.6972125)
(41.87270906, -87.62418786)
(41.74895762, -87.721894)
(41.94752461, -87.71274388)
(41.91327371, -87.7471668)
(41.93696084, -87.71505152)
(41.86675858, -87.62581394)
(41.85993756, -87.71645115)
(41.80934083, -87.61923474)
(41.86706589, -87.72651921)
(42.01551728, -87.67907482)
(41.85740178, -87.69484352)
(41.91061015, -87.66923591)
(41.90340283, -87.66292986)
(41.99389209, -87.66038822)
(41.88513481, -87.67246341)
(41.75466978, -87.58611277)
(41.96644465, -87.72584179)
(41.76932363, -87.61614493)
(41.76454563, -87.63708411)
(41.81679569, -87.68713969)
(41.88018642, -87.76853246)
(41.79856968, -87.74353361)
(41.90003434, -87.62255589)
(41.87093226, -87.74492128)
(41.8614864, -87.72747872)
(41.7187183, -87.53890832)
(41.74536829, -87.60258949)
(41.86399696, -87.71656999)
(41.90085342, -87.72554925)
(41.80751261, -87.68533666)
(41.92790045, -87.74716521)
(41.9724614, -87.73184864)
(41.950559, -87.67516641)
(41.79658088, -87.70486892)
(41.78630694, -87.63376865)
(41.77693975, -87.64956912)
(41.82375673, -87.71179056)
(41.7637162, -87.66375185)
(41.86398049, -87.71657014)
(41.79625369, -87.7158887)
(41.90393322, -87.62912854)
(41.74088798, -87.72163713)
(41.93575589, -87.69593698)
(41.71885661, -87.57231945)
(41.88715422, -87.62454595)
(41.75449273, -87.56386148)
(41.90347807, -87.6314331)
(41.75313973, -87.56262426)
(41.80510254, -87.60161401)
(41.88036792, -87.75537001)
(41.91115121, -87.63598179)
(41.79899649, -87.67079664)
(41.77282476, -87.62311891)
(41.95627291, -87.64574741)
(41.8666821, -87.77417302)
(41.78579218, -87.66437287)
(41.80059627, -87.6891069)
(41.9733065, -87.67673789)
(41.90485316, -87.76938778)
(41.97515172, -87.69889823)
(42.01849825, -87.67298323)
(41.82815054, -87.67154916)
(41.7823303, -87.66792504)
(41.89097603, -87.66749279)
(41.79320468, -87.65970823)
(41.72679785, -87.61790027)
(41.96790749, -87.66276876)
(41.93905588, -87.7302404)
(41.90388908, -87.63222941)
(41.99824758, -87.68624162)
(41.82529365, -87.72410707)
(41.77873661, -87.67148184)
(41.90681245, -87.73625646)
(41.75360625, -87.64289755)
(41.74429087, -87.66449971)
(41.69491378, -87.71626939)
(41.88791929, -87.62801905)
(41.77184205, -87.65672412)
(41.69283384, -87.60431945)
(41.82864368, -87.64846881)
(41.80224011, -87.6067776)
(41.65541167, -87.60512584)
(41.94568858, -87.64943776)
(41.72632327, -87.60094072)
(41.98472581, -87.77600288)
(41.72644405, -87.60094668)
(41.76361634, -87.58360812)
(41.88705768, -87.64751474)
(41.94526489, -87.6627451)
(41.92790058, -87.74719093)
(41.96734092, -87.71944615)
(41.8286454, -87.64829634)
(41.77514886, -87.66045078)
(41.93030588, -87.70943061)
(41.73585144, -87.62455961)
(41.87355618, -87.76461436)
(41.86108854, -87.70551884)
(42.01790293, -87.67683868)
(41.87355618, -87.76461436)
(41.94010543, -87.81659466)
(41.9327853, -87.65871929)
(41.80532232, -87.60380853)
(42.01849825, -87.67298323)
(41.97375595, -87.84308743)
(41.9790063, -87.90646316)
(41.6641683, -87.54954849)
(41.90462736, -87.7103015)
(41.76580425, -87.60982805)
(41.9436189, -87.75193204)
(41.81811335, -87.7030186)
(41.99858925, -87.68990602)
(41.90942226, -87.6759749)
(41.83144108, -87.66919993)
(41.77299898, -87.57647854)
(41.84828739, -87.69373031)
(41.72251413, -87.6321716)
(41.87799875, -87.64290415)
(41.74087426, -87.72163726)
(41.9545956, -87.70803571)
(41.78588323, -87.68504117)
(41.88141726, -87.64734739)
(41.87011242, -87.69966259)
(41.76847882, -87.60704138)
(42.01142511, -87.67369666)
(41.82932924, -87.60684562)
(41.71893656, -87.65288389)
(41.69307779, -87.65817632)
(41.65098716, -87.54592485)
(41.93827568, -87.71613777)
(41.88511212, -87.62448405)
(41.79122853, -87.68396788)
(41.79359698, -87.67006015)
(41.86729141, -87.71172884)
(41.74308727, -87.66234295)
(41.74725552, -87.55766695)
(41.90552651, -87.63931246)
(41.88601806, -87.63393788)
(41.79136839, -87.65358886)
(41.8458802, -87.70508033)
(41.97703662, -87.67304031)
(41.87826021, -87.6254484)
(41.91950141, -87.76985039)
(41.72616711, -87.57143825)
(41.89767738, -87.75566943)
(41.88627534, -87.76507815)
(41.75131755, -87.55773532)
(41.80307755, -87.67132676)
(41.89004449, -87.7565315)
(42.01705652, -87.69019829)
(41.76981772, -87.67244599)
(41.90050559, -87.69928504)
(41.90393572, -87.6290881)
(41.95115849, -87.6523239)
(41.76167516, -87.60912671)
(41.87399908, -87.75059537)
(41.80861478, -87.62119418)
(41.65466698, -87.61588144)
(41.91731196, -87.78524999)
(41.94928361, -87.64303608)
(41.93630056, -87.73126237)
(41.83465008, -87.61684718)
(41.69631177, -87.61755351)
(41.69283384, -87.60431945)
(41.92921821, -87.64263139)
(41.81577372, -87.63355445)
(41.94155939, -87.72726161)
(41.82034323, -87.64175921)
(41.87168921, -87.70094677)
(41.80170954, -87.70379188)
(41.87929643, -87.74112477)
(41.8089752, -87.70759052)
(41.95388068, -87.78278247)
(41.72913814, -87.58674576)
(41.90393372, -87.62920935)
(41.77564802, -87.61551356)
(41.73024074, -87.60633658)
(41.89262841, -87.63115524)
(41.87886004, -87.72639663)
(41.71549474, -87.66214288)
(41.90483869, -87.72515145)
(41.85481114, -87.71438245)
(41.89958446, -87.74697244)
(41.88218397, -87.72083115)
(41.94660989, -87.70954)
(41.92643547, -87.71532587)
(41.87786497, -87.62766695)
(41.75041009, -87.62948607)
(41.89005303, -87.6287044)
(41.91049491, -87.676875)
(41.8767202, -87.70108811)
(41.73336724, -87.66664274)
(41.7509436, -87.59426233)
(41.75818976, -87.62762714)
(41.81061931, -87.62449529)
(41.78966676, -87.65961693)
(41.89891487, -87.74589865)
(42.02252642, -87.67245576)
(42.01280627, -87.66482899)
(41.76406271, -87.6942376)
(41.71498008, -87.65581181)
(42.01090985, -87.70914396)
(41.9160423, -87.67758238)
(41.84114398, -87.64026184)
(41.76507277, -87.58474947)
(41.75296629, -87.56746757)
(41.74022596, -87.67532903)
(41.75810751, -87.6325723)
(41.90831376, -87.73629757)
(41.8662891, -87.7729282)
(41.75563503, -87.73239313)
(41.78883047, -87.6340199)
(41.96447247, -87.729133)
(41.77071399, -87.58501014)
(41.9105115, -87.67593801)
(41.94833112, -87.64436604)
(41.76872917, -87.62338403)
(41.74852804, -87.63181897)
(41.77240934, -87.62029339)
(41.90171399, -87.66745103)
(41.75068679, -87.61127681)
(41.78149608, -87.60721348)
(41.85093177, -87.72225988)
(41.76254423, -87.67225672)
(41.93677696, -87.66461657)
(41.91531876, -87.74728403)
(41.86552945, -87.67621179)
(41.89789513, -87.62409661)
(41.81955904, -87.70442051)
(41.86193556, -87.72627037)
(41.75762237, -87.63447243)
(41.78475493, -87.5881432)
(41.77417923, -87.72630673)
(41.78776606, -87.6449879)
(41.88967261, -87.67993086)
(41.89666404, -87.62917534)
(41.92262106, -87.7793253)
(41.87504117, -87.74346627)
(41.77264877, -87.63379611)
(41.80806927, -87.70803582)
(41.74499777, -87.6025827)
(41.85812613, -87.71030889)
(41.88453453, -87.70938402)
(41.65732153, -87.60596062)
(41.82187244, -87.69595238)
(41.90320325, -87.62734026)
(41.93990585, -87.65441005)
(41.87080892, -87.73328355)
(41.91046799, -87.67840727)
(41.85873226, -87.6643841)
(41.75538174, -87.56466081)
(41.87950547, -87.62668316)
(41.9316264, -87.73954947)
(41.87974704, -87.774643)
(41.64703883, -87.61650393)
(41.92132656, -87.76710789)
(41.80684237, -87.66040533)
(41.72621915, -87.56729444)
(41.75563372, -87.64417322)
(41.72546159, -87.56933655)
(41.70994393, -87.6283858)
(41.76639767, -87.59100223)
(41.88904822, -87.64767708)
(41.77867124, -87.64083594)
(41.76779337, -87.67118011)
(41.88012566, -87.74281362)
(41.78941241, -87.67539097)
(41.86181335, -87.71163139)
(41.84164514, -87.73056147)
(41.91949535, -87.7339667)
(41.81466067, -87.70545522)
(41.92635438, -87.76607492)
(41.99456758, -87.65905678)
(41.67525644, -87.60087573)
(41.74870336, -87.65182939)
(41.79532705, -87.6731228)
(41.98689601, -87.77421472)
(41.91916025, -87.75477392)
(41.98165131, -87.77806358)
(41.73675027, -87.71766074)
(41.89982743, -87.64306943)
(41.77121099, -87.7364672)
(41.99262251, -87.6685643)
(41.77254072, -87.72992215)
(41.88209393, -87.63531369)
(41.77186234, -87.65551049)
(41.90712557, -87.71913803)
(41.96486344, -87.65238755)
(41.91058694, -87.67091877)
(41.95362033, -87.73040825)
(41.7728376, -87.56662634)
(41.9674779, -87.73922401)
(41.74494062, -87.660158)
(42.0211478, -87.66989758)
(41.90346662, -87.62866714)
(41.75332842, -87.7104878)
(41.84383393, -87.71844087)
(41.893694, -87.66722215)
(41.77270417, -87.63028352)
(41.76255813, -87.65162416)
(41.92369212, -87.78463685)
(41.90392938, -87.62939674)
(41.82338366, -87.71232615)
(41.90625403, -87.67000843)
(41.94338333, -87.72241811)
(41.93004949, -87.68592073)
(41.77796729, -87.61556835)
(41.84358475, -87.64044836)
(41.7917706, -87.64509174)
(42.01220308, -87.69382015)
(41.80758603, -87.61508011)
(42.0064206, -87.68153754)
(41.87080892, -87.73328355)
(41.86545339, -87.71950034)
(41.89556255, -87.65591568)
(41.69088828, -87.54131215)
(41.7530602, -87.66471652)
(41.7206609, -87.535291)
(41.85730735, -87.65398861)
(41.73677291, -87.5444565)
(41.89273519, -87.70400801)
(41.95064846, -87.64962001)
(41.77810705, -87.60161667)
(41.90454187, -87.75972922)
(41.87855903, -87.74824058)
(41.74432754, -87.67178037)
(41.70320609, -87.64964776)
(41.81183851, -87.68452641)
(41.90393354, -87.62917996)
(41.91575158, -87.73017695)
(41.85883238, -87.70544914)
(41.99027287, -87.66514942)
(41.89757769, -87.64178971)
(41.93012732, -87.75391043)
(41.89051325, -87.72350243)
(41.76589951, -87.67112994)
(41.92171514, -87.66860634)
(41.89484208, -87.63055434)
(41.82119237, -87.61380178)
(41.84613762, -87.72124483)
(41.87369942, -87.70470516)
(41.73625506, -87.62816043)
(41.85805723, -87.64902138)
(41.779598, -87.63752259)
(41.8031528, -87.60746415)
(41.88953479, -87.74907696)
(41.70698746, -87.62024403)
(41.95266329, -87.65527094)
(41.93002608, -87.72479098)
(41.94725226, -87.65350869)
(41.91177847, -87.79487522)
(41.76086738, -87.65157974)
(41.94569909, -87.68579918)
(41.72066603, -87.63468253)
(41.96811687, -87.73967036)
(41.90349659, -87.62997455)
(41.75595759, -87.60286887)
(41.77548804, -87.64589276)
(41.87506659, -87.74147225)
(41.78350199, -87.60113368)
(41.72743634, -87.57913099)
(41.79201242, -87.79822934)
(41.79953367, -87.58995977)
(41.88037135, -87.64407939)
(41.89587411, -87.63418296)
(42.01849825, -87.67298323)
(41.76974311, -87.58215845)
(41.73970285, -87.7054348)
(41.94075357, -87.75675838)
(41.82086656, -87.70015202)
(41.91411963, -87.65322848)
(41.9383708, -87.82020325)
(41.84420058, -87.72857401)
(41.97706433, -87.8415395)
(41.76404913, -87.58054609)
(41.84759971, -87.71244068)
(41.86327623, -87.642053)
(41.90384934, -87.66750966)
(41.87097236, -87.70433535)
(41.96181834, -87.65162579)
(41.74470867, -87.6163713)
(41.69249346, -87.59870306)
(41.87796215, -87.72681639)
(41.95994384, -87.76722572)
(41.81061071, -87.59353651)
(41.85265525, -87.72227651)
(41.747393, -87.58543861)
(41.76623719, -87.66263696)
(41.76762879, -87.66267745)
(41.93269085, -87.65063138)
(41.90861681, -87.66763646)
(41.79453381, -87.63143854)
(41.87450313, -87.76465003)
(41.89003202, -87.63020308)
(41.96822416, -87.72972266)
(41.92171514, -87.66860634)
(41.75055692, -87.64971358)
(41.71353066, -87.54756096)
(41.92938643, -87.70789243)
(41.81641423, -87.63148581)
(41.83053093, -87.61027746)
(41.83353034, -87.64373453)
(41.83689361, -87.72357506)
(41.78551967, -87.73856753)
(41.72226062, -87.59093902)
(42.00757834, -87.66572632)
(41.95376949, -87.71817572)
(41.88165124, -87.62620049)
(41.93439649, -87.69279718)
(41.87334038, -87.73299918)
(41.77999793, -87.62929459)
(41.9256688, -87.73904248)
(41.91969275, -87.67769198)
(41.77626484, -87.76049973)
(41.87136255, -87.63058763)
(41.65755972, -87.61328043)
(41.77076203, -87.57642419)
(41.83416531, -87.66668754)
(41.87293415, -87.66022289)
(41.87398648, -87.63065802)
(41.80079357, -87.66598096)
(41.98132341, -87.69345619)
(41.92568142, -87.68653815)
(41.92171514, -87.66860634)
(41.89033578, -87.62961579)
(41.84593137, -87.70140235)
(41.79312862, -87.69988235)
(41.93991842, -87.65328888)
(41.89082499, -87.63018336)
(41.9190362, -87.6388354)
(41.87415339, -87.73523869)
(41.85102174, -87.61895485)
(41.68858579, -87.6156841)
(41.94227645, -87.64101654)
(41.93928202, -87.74687721)
(41.74677308, -87.60383781)
(41.98751866, -87.69079362)
(41.84512464, -87.64644702)
(41.90347807, -87.6314331)
(41.80954043, -87.63338387)
(41.90370861, -87.63143792)
(41.79320577, -87.65849073)
(41.87136186, -87.62957795)
(41.91154142, -87.66656269)
(41.76809684, -87.66387859)
(41.81413328, -87.59935793)
(41.7488828, -87.56254692)
(41.90725126, -87.72522407)
(41.85382553, -87.65875317)
(41.91612126, -87.68326549)
(41.82712637, -87.73288078)
(41.74459235, -87.64629205)
(41.9538303, -87.71468263)
(41.97871062, -87.68314419)
(41.75471265, -87.58216515)
(41.75300054, -87.66957305)
(41.88198989, -87.62995709)
(41.77281818, -87.57403181)
(41.79128815, -87.70105192)
(41.68092757, -87.64688183)
(41.90245109, -87.66631565)
(41.72205965, -87.66269729)
(41.86298411, -87.70388501)
(41.68896703, -87.62227001)
(41.80596129, -87.67219203)
(41.8936523, -87.62272582)
(41.87793519, -87.72899045)
(41.83765193, -87.64140409)
(41.77730987, -87.64080292)
(41.76918549, -87.62573242)
(41.8438905, -87.71721821)
(41.947007, -87.7139546)
(41.94580013, -87.8070245)
(41.78898704, -87.74147999)
(41.81577372, -87.63355445)
(41.75819412, -87.57490426)
(41.89480603, -87.63318823)
(41.69256976, -87.62439788)
(41.89599647, -87.62548764)
(41.8669947, -87.73124124)
(41.86004397, -87.71889497)
(41.89128077, -87.63111858)
(41.78589876, -87.6619444)
(41.76706245, -87.64122105)
(41.8822275, -87.73797999)
(41.70329852, -87.71590726)
(41.87939026, -87.75414134)
(41.90377576, -87.63932407)
(41.86326322, -87.73242531)
(41.95777473, -87.72773668)
(41.95017083, -87.71594584)
(41.80954162, -87.67107314)
(41.87690314, -87.74106608)
(41.83996358, -87.66144561)
(41.89250768, -87.62623869)
(41.9033271, -87.63142741)
(41.88458542, -87.73387811)
(41.75077211, -87.62453842)
(41.89040009, -87.62802114)
(41.88305758, -87.75108227)
(41.94310859, -87.64936609)
(41.89266778, -87.61621016)
(41.87888931, -87.72414907)
(41.78599359, -87.6631461)
(41.79455389, -87.58043494)
(42.01603527, -87.6689277)
(41.86848273, -87.70573287)
(41.73678122, -87.55695763)
(41.78624025, -87.70384057)
(41.88159973, -87.77470765)
(41.94524091, -87.8174354)
(41.80674983, -87.66807588)
(41.88407329, -87.72210209)
(41.8202485, -87.61602088)
(41.76347356, -87.56531565)
(41.89276805, -87.63560516)
(41.90994386, -87.67745009)
(41.85476985, -87.70777568)
(41.6957946, -87.61956213)
(41.97629041, -87.90522722)
(41.80579546, -87.61311948)
(41.76015578, -87.55675291)
(41.89436712, -87.65982894)
(41.75138074, -87.7162273)
(41.88194441, -87.73420392)
(41.90316534, -87.62921044)
(41.89027358, -87.75298163)
(41.91697398, -87.7425512)
(41.76104285, -87.66368435)
(41.98405453, -87.69554373)
(41.96789581, -87.65008279)
(41.94210901, -87.68812176)
(41.90806079, -87.7272957)
(41.93206899, -87.70164065)
(41.89521657, -87.63121137)
(41.80040612, -87.70131438)
(41.89140473, -87.62806151)
(41.75967958, -87.55897977)
(41.69096292, -87.70080148)
(41.78698552, -87.61740749)
(41.79131907, -87.6596583)
(41.93382465, -87.77119441)
(41.72439089, -87.64207849)
(41.7544187, -87.583378)
(41.78123223, -87.72893872)
(41.76364274, -87.58471111)
(41.87306966, -87.74807035)
(41.76274999, -87.64148366)
(41.9388387, -87.74604694)
(41.94268294, -87.65116069)
(41.76388095, -87.57625215)
(41.88229508, -87.76098951)
(41.91393971, -87.69948276)
(41.75413721, -87.62463334)
(41.77139319, -87.67248847)
(41.91072643, -87.66092447)
(41.75307086, -87.56504388)
(41.75559233, -87.6368547)
(41.93956466, -87.76046297)
(41.94286646, -87.74697301)
(41.86850295, -87.64370024)
(41.80106795, -87.74909276)
(41.88358227, -87.70938227)
(41.93761571, -87.74088688)
(41.87794002, -87.64775912)
(41.93004949, -87.68592073)
(41.76328775, -87.6115754)
(41.90439412, -87.63000143)
(41.79051708, -87.61911734)
(41.92168062, -87.76711945)
(41.87373742, -87.70162788)
(41.75984316, -87.61149671)
(41.7365435, -87.54581861)
(41.74129311, -87.61303826)
(41.96836839, -87.71658649)
(41.72476742, -87.616637)
(41.92769762, -87.74399569)
(41.92044864, -87.65708554)
(41.8116218, -87.66870041)
(41.80930423, -87.63020625)
(41.8677313, -87.70082056)
(41.97660033, -87.9015144)
(41.87778814, -87.6276678)
(41.87328131, -87.71974488)
(41.86194728, -87.71407134)
(41.79241637, -87.62402847)
(41.69371154, -87.63517934)
(41.77526936, -87.7064958)
(41.88826749, -87.62707505)
(41.85177493, -87.70458953)
(41.91441548, -87.76134926)
(41.88541914, -87.70452785)
(41.76063909, -87.6697729)
(41.80475662, -87.6194727)
(42.0117178, -87.67448844)
(41.920358, -87.6631566)
(41.89539724, -87.72284258)
(41.92100835, -87.64004128)
(41.86935352, -87.66079649)
(41.80836521, -87.61812684)
(41.96584171, -87.69710797)
(41.75643609, -87.62405096)
(41.98443824, -87.65663683)
(41.93769141, -87.74066566)
(41.87612122, -87.64100397)
(41.85180787, -87.70208962)
(41.87105482, -87.69688858)
(41.91489635, -87.67634125)
(41.91907464, -87.63883866)
(41.8965863, -87.63532118)
(41.81740065, -87.62142701)
(41.79226235, -87.78603788)
(41.78234508, -87.70566059)
(41.86202357, -87.7104179)
(41.89009047, -87.70464364)
(41.74313755, -87.65874411)
(41.93696084, -87.71505152)
(41.86596935, -87.71541293)
(41.93467909, -87.63670683)
(41.93467909, -87.63670683)
(41.86135928, -87.69440034)
(41.93467909, -87.63670683)
(41.77736752, -87.64080597)
(41.93467909, -87.63670683)
(41.93467909, -87.63670683)
(41.93467909, -87.63670683)
(41.9002546, -87.69066642)
(41.97816551, -87.65858624)
(41.77297208, -87.64461087)
(41.93467909, -87.63670683)
(41.93150764, -87.78692925)
(42.0092948, -87.67403142)
(41.93479702, -87.70871427)
(41.70848714, -87.62000772)
(41.75099092, -87.68287104)
(41.93586127, -87.683892)
(41.73650782, -87.54581904)
(41.78042071, -87.67514559)
(41.92786698, -87.7497526)
(41.75888559, -87.57530661)
(41.90572096, -87.71666082)
(41.75020551, -87.64280573)
(41.90389478, -87.63181425)
(41.97531423, -87.68670919)
(42.01849825, -87.67298323)
(41.86167876, -87.64200046)
(41.89456227, -87.72116099)
(41.8095187, -87.6073336)
(41.97552678, -87.72873432)
(41.88395647, -87.68188402)
(41.90373062, -87.72267871)
(41.75085299, -87.56743772)
(41.88091383, -87.68152935)
(41.76553927, -87.58854521)
(41.82538519, -87.60762767)
(41.90570483, -87.6926616)
(41.80277192, -87.65144746)
(41.95302366, -87.73123001)
(41.75817287, -87.62845198)
(41.99768242, -87.69262646)
(41.87205982, -87.68716715)
(41.78955972, -87.69124156)
(41.9419076, -87.70524859)
(42.01700164, -87.69019884)
(41.92877051, -87.74988768)
(41.88096649, -87.70676745)
(41.81659868, -87.61911376)
(41.82459189, -87.64230419)
(41.75094076, -87.62518522)
(41.96903586, -87.65910547)
(41.65314711, -87.54714998)
(41.90982481, -87.66160256)
(41.91085503, -87.74589573)
(41.78869925, -87.60495409)
(41.73154989, -87.65807768)
(41.74950107, -87.6549249)
(41.73531646, -87.62414049)
(41.8129459, -87.62085641)
(41.69325428, -87.66253891)
(41.76582498, -87.58059131)
(41.70355028, -87.55492229)
(41.88279063, -87.76020657)
(41.83455116, -87.72794564)
(41.74883097, -87.60638339)
(41.77965531, -87.65119746)
(41.69613073, -87.63135976)
(41.87328131, -87.71974488)
(41.87409303, -87.70592399)
(41.90764382, -87.70939049)
(41.90537718, -87.71908132)
(41.76926683, -87.56985441)
(41.86573957, -87.70442703)
(41.73415618, -87.65004873)
(41.66656374, -87.62830292)
(41.89229209, -87.71744009)
(41.78563019, -87.62011025)
(41.77712815, -87.65079163)
(41.90351054, -87.62867033)
(41.94363634, -87.64812907)
(41.71765713, -87.59585623)
(41.91300348, -87.65242838)
(41.88797334, -87.77331899)
(41.92345861, -87.67782981)
(42.01099762, -87.70913574)
(41.89097613, -87.62175284)
(41.94566058, -87.81313493)
(41.75655146, -87.55295175)
(41.72581903, -87.64454689)
(41.68574184, -87.66045695)
(41.78950484, -87.6912421)
(41.96789581, -87.65008279)
(41.81865107, -87.60594279)
(41.7368012, -87.56114524)
(41.89567514, -87.62856915)
(41.7614283, -87.578033)
(41.84414887, -87.68053004)
(41.79322311, -87.65120397)
(41.88441897, -87.70129865)
(41.89341762, -87.63411793)
(41.85126837, -87.63812647)
(41.79710328, -87.77463523)
(41.87691162, -87.62838245)
(41.87504117, -87.74346627)
(41.90661199, -87.69294275)
(41.71367355, -87.63695216)
(41.82386008, -87.61516241)
(41.90347807, -87.6314331)
(41.88723176, -87.76425805)
(41.74423652, -87.64507196)
(41.7043138, -87.64396715)
(41.88009987, -87.77383574)
(41.879779, -87.72425446)
(41.8738829, -87.68684036)
(41.88768058, -87.76511711)
(41.9392116, -87.71769818)
(41.87218945, -87.7131684)
(41.87527257, -87.62425131)
(41.76825118, -87.64449275)
(41.89291941, -87.76568404)
(41.90071295, -87.69807449)
(41.91108426, -87.66770267)
(41.82131215, -87.61848173)
(41.74519061, -87.7314242)
(41.91666239, -87.67516577)
(41.68226336, -87.65787937)
(41.96759725, -87.70144421)
(41.76727424, -87.62866028)
(41.74986572, -87.55043816)
(42.01712184, -87.69255649)
(41.73741132, -87.73001661)
(41.76975778, -87.64816075)
(41.96051541, -87.64987486)
(41.87933507, -87.75844916)
(41.8996959, -87.72254819)
(41.84383713, -87.70133488)
(41.75597842, -87.6214905)
(41.73562113, -87.62414813)
(41.96019997, -87.69965322)
(41.93990585, -87.65441005)
(41.85171809, -87.7092626)
(41.90570321, -87.69286367)
(41.96824995, -87.72732492)
(41.77287776, -87.58016425)
(41.91195796, -87.70489935)
(41.8926701, -87.62810635)
(41.64528766, -87.54001225)
(41.73656953, -87.5500281)
(41.79316296, -87.65727736)
(41.81901367, -87.70305379)
(41.76878896, -87.62551316)
(41.93422595, -87.74987104)
(41.90994386, -87.67745009)
(41.90335438, -87.66686461)
(41.70816171, -87.62954058)
(41.92203975, -87.69733018)
(42.00119012, -87.70065574)
(41.90395979, -87.62764417)
(41.76021702, -87.69902226)
(41.76525377, -87.61525555)
(41.81402833, -87.61972191)
(41.89050582, -87.74415772)
(42.00849734, -87.69807026)
(41.75065771, -87.61495649)
(41.7655681, -87.58243442)
(41.79510379, -87.66583096)
(41.9345462, -87.74916983)
(41.9558576, -87.68764855)
(41.86844745, -87.64222859)
(41.89536137, -87.72643142)
(41.73574646, -87.58169739)
(41.89538345, -87.72438169)
(41.9262159, -87.73448073)
(41.69527157, -87.63403105)
(41.82157565, -87.6184898)
(41.91136705, -87.62640164)
(41.84682019, -87.64729871)
(41.88288059, -87.69802348)
(41.70777135, -87.58597126)
(41.76800921, -87.57346902)
(41.77901282, -87.66420869)
(41.90839049, -87.63462318)
(41.87436328, -87.64301304)
(42.01824468, -87.69018631)
(41.93991842, -87.65328888)
(41.94188776, -87.72604554)
(41.92717697, -87.65467364)
(41.71004094, -87.63078361)
(41.9033661, -87.66557511)
(41.9371405, -87.67337851)
(41.67981001, -87.62596195)
(41.90988784, -87.63310794)
(41.88287843, -87.69812999)
(41.78427198, -87.74034637)
(41.95265208, -87.65616071)
(41.8547434, -87.68082609)
(41.77606398, -87.59454958)
(41.98512453, -87.66936689)
(41.92620492, -87.76971791)
(41.87669369, -87.75217184)
(41.94285457, -87.71795719)
(41.71698008, -87.65384953)
(41.89542265, -87.75806249)
(41.96875542, -87.73791777)
(41.91072362, -87.67800053)
(41.99140428, -87.65685365)
(41.88045709, -87.62435557)
(41.93331321, -87.75008517)
(41.78849202, -87.737561)
(41.85953937, -87.65647221)
(41.90381914, -87.6675063)
(41.90258883, -87.7582553)
(41.89866274, -87.74650336)
(41.75147623, -87.56501525)
(41.76691984, -87.57265711)
(41.74726233, -87.72305708)
(41.95278647, -87.71043193)
(41.72621915, -87.56729444)
(41.88654088, -87.66505259)
(41.74879311, -87.60517084)
(41.90963823, -87.67631067)
(41.91582736, -87.71348828)
(41.86688548, -87.62414208)
(41.70789916, -87.65015471)
(41.89947299, -87.75203514)
(41.89931029, -87.77285263)
(41.97790509, -87.6941193)
(41.87612122, -87.64100397)
(41.94983736, -87.6586351)
(41.93358469, -87.78455942)
(41.85384576, -87.65752698)
(41.80585825, -87.66246596)
(41.78304986, -87.61208712)
(41.93498166, -87.80387924)
(41.75194237, -87.7227269)
(41.79750432, -87.60387887)
(41.90336781, -87.62866455)
(41.70603113, -87.64523788)
(41.84177849, -87.72204237)
(41.96287797, -87.65586124)
(41.87162265, -87.66685288)
(41.68393859, -87.53284186)
(41.78551967, -87.73856753)
(41.88360569, -87.70763403)
(41.83696117, -87.71977268)
(41.7830736, -87.60844598)
(41.94822469, -87.64951358)
(42.01849825, -87.67298323)
(41.93526827, -87.74013681)
(41.91207291, -87.77155798)
(41.8762956, -87.63175265)
(41.80835455, -87.68963073)
(41.89872833, -87.74430621)
(41.76559446, -87.62105065)
(41.88884822, -87.72467513)
(41.85684518, -87.73467684)
(41.97187719, -87.72877251)
(41.68643935, -87.61562375)
(41.94154722, -87.74819071)
(41.745394, -87.60016337)
(41.96790782, -87.72801578)
(41.92763753, -87.76528817)
(41.74216771, -87.65715666)
(41.79418629, -87.70357946)
(42.01650767, -87.68047408)
(41.86614797, -87.72678489)
(41.7471709, -87.60511954)
(41.88563811, -87.77053733)
(41.68570585, -87.53164843)
(41.79957355, -87.65913542)
(41.90715332, -87.63968057)
(41.79878011, -87.66471091)
(41.9584607, -87.6691658)
(41.91815526, -87.72028153)
(41.84624586, -87.62813932)
(41.82056488, -87.69079616)
(41.88587446, -87.62528356)
(41.91169357, -87.76307825)
(41.91955649, -87.63638632)
(41.78475493, -87.5881432)
(41.96594149, -87.76865447)
(41.78218346, -87.60872366)
(41.93993913, -87.65215292)
(41.75292484, -87.70491382)
(41.93443524, -87.7565323)
(41.95362033, -87.73040825)
(41.72883584, -87.60463426)
(41.7592783, -87.63330359)
(41.73804824, -87.60243432)
(41.95460708, -87.64710719)
(41.87817857, -87.62823633)
(41.92449246, -87.72610764)
(41.94290741, -87.78987541)
(41.88573321, -87.70625815)
(41.8913209, -87.75224495)
(41.9331132, -87.79921624)
(41.80677382, -87.74435334)
(41.80711289, -87.61139914)
(42.0159781, -87.67519884)
(41.90669148, -87.72886993)
(41.94774289, -87.66887638)
(41.89260531, -87.61983959)
(41.97676298, -87.90098372)
(41.90915204, -87.65267504)
(41.97750144, -87.90397973)
(41.87858449, -87.7462391)
(41.76311695, -87.61278323)
(41.98311787, -87.65517226)
(41.73842146, -87.57574151)
(41.89501788, -87.67551659)
(41.96170402, -87.66062407)
(42.01849825, -87.67298323)
(41.96107825, -87.71732596)
(41.74903259, -87.69382235)
(41.93696084, -87.71505152)
(41.93928648, -87.65408582)
(41.9186526, -87.64852869)
(42.0166269, -87.69879895)
(41.71905285, -87.62981369)
(41.75395261, -87.66669363)
(41.82484988, -87.61151911)
(41.90834326, -87.66873407)
(41.67918826, -87.62749891)
(41.75295025, -87.55406184)
(41.94268061, -87.79708536)
(41.80074573, -87.6039448)
(41.77714554, -87.66542329)
(41.89985411, -87.72133819)
(41.6858926, -87.66560278)
(41.93709607, -87.78833332)
(41.85131197, -87.70524006)
(41.93210965, -87.69509861)
(41.9670378, -87.7279946)
(41.88189101, -87.73871388)
(41.74941433, -87.65977412)
(41.70588754, -87.72021483)
(41.95164044, -87.72755212)
(41.92779658, -87.78559756)
(41.94621213, -87.64657968)
(41.84899142, -87.676972)
(41.86871825, -87.62585841)
(41.76565125, -87.62490985)
(41.80127484, -87.66994797)
(41.74806235, -87.68280166)
(41.81988601, -87.60076337)
(41.9095258, -87.75379553)
(41.81067058, -87.62124844)
(41.91288781, -87.71339915)
(41.88611878, -87.76339021)
(41.82143955, -87.69955204)
(41.75389594, -87.57481193)
(41.79716094, -87.58126992)
(41.89551494, -87.7105223)
(41.86624499, -87.71973507)
(41.7864296, -87.65467506)
(41.75108984, -87.55409533)
(41.74035954, -87.60080323)
(41.79539589, -87.6646214)
(41.72759012, -87.58502358)
(41.87434567, -87.7263806)
(41.88200442, -87.72889702)
(41.9495125, -87.66408279)
(41.77861819, -87.60388396)
(41.9790063, -87.90646316)
(41.70919166, -87.56210933)
(41.96538744, -87.73144086)
(41.88652755, -87.74433015)
(41.8729564, -87.6291529)
(41.95060373, -87.68836695)
(41.91403517, -87.7362369)
(41.90235374, -87.6727377)
(41.90090529, -87.76682183)
(41.99837571, -87.67070071)
(41.98969435, -87.65680187)
(41.78526601, -87.72783384)
(41.93697713, -87.66694833)
(41.78578854, -87.68869783)
(41.88155654, -87.62775854)
(42.00791918, -87.66535113)
(41.8252622, -87.708041)
(41.93992026, -87.71987095)
(41.91898909, -87.7269204)
(41.97160195, -87.68536038)
(41.94945874, -87.69364631)
(41.94546292, -87.64657302)
(41.84055897, -87.72494214)
(41.98367304, -87.65717457)
(41.88457388, -87.73482202)
(41.99419014, -87.68402771)
(41.86681074, -87.62581703)
(41.87786497, -87.62766695)
(41.89136854, -87.74704024)
(42.01320118, -87.69024081)
(41.90001777, -87.62342663)
(41.9590802, -87.73176493)
(41.98812714, -87.65815368)
(41.954005, -87.68906793)
(41.85383946, -87.68938775)
(41.73634572, -87.58563641)
(41.69943569, -87.62211442)
(41.78898704, -87.74147999)
(41.74747784, -87.55767161)
(41.93997226, -87.64987742)
(41.82950131, -87.67403764)
(41.75756787, -87.60536486)
(41.90648959, -87.64019839)
(41.97310924, -87.6850031)
(41.89427513, -87.66616566)
(41.65293804, -87.60757606)
(41.8924816, -87.62735183)
(41.96899405, -87.66180497)
(41.78057226, -87.68734217)
(41.89167877, -87.62755165)
(41.91046622, -87.75199786)
(41.86609824, -87.73036854)
(41.9634527, -87.7083168)
(41.9688937, -87.72193541)
(41.94725226, -87.65350869)
(41.80681478, -87.71864827)
(41.78345163, -87.70326286)
(41.8092819, -87.69057147)
(41.70763571, -87.67843745)
(41.88171326, -87.75332349)
(41.82225114, -87.60069605)
(41.72624218, -87.56540023)
(41.74053292, -87.65589869)
(41.87726847, -87.71153669)
(41.98277552, -87.6945193)
(41.80017973, -87.71723)
(41.92655891, -87.63129407)
(41.90553048, -87.63906262)
(41.99537642, -87.7154944)
(41.7833501, -87.60964549)
(41.98374882, -87.77317194)
(41.69232297, -87.62309714)
(41.90570512, -87.69271303)
(41.79941018, -87.74904914)
(41.74492141, -87.66156532)
(41.86609824, -87.73036854)
(41.65527018, -87.61315956)
(41.89834706, -87.64195405)
(41.79381053, -87.65400679)
(41.75093604, -87.6828716)
(41.85133365, -87.72403989)
(41.98950161, -87.69206847)
(41.78599301, -87.68992413)
(41.96824995, -87.72732492)
(41.8935802, -87.76059494)
(41.89494183, -87.66237192)
(41.75078272, -87.62581362)
(41.87701472, -87.67775385)
(41.92203975, -87.69733018)
(41.70843971, -87.62476191)
(41.77921167, -87.6869562)
(41.81168644, -87.66991391)
(41.70713963, -87.62532552)
(41.91158516, -87.66041948)
(41.90952983, -87.70700253)
(41.75463566, -87.56144092)
(41.76480209, -87.57694143)
(41.98738254, -87.67309157)
(41.78869925, -87.60495409)
(41.80926872, -87.6333795)
(41.85552494, -87.6978538)
(41.79982391, -87.70373698)
(41.70843971, -87.62476191)
(41.96539325, -87.65799298)
(41.95979562, -87.7486047)
(41.73775077, -87.60485591)
(41.78620493, -87.65102903)
(41.7410607, -87.69388313)
(41.75103492, -87.55530535)
(41.74233178, -87.55273555)
(41.88541338, -87.70497961)
(41.88027568, -87.6603368)
(41.75250313, -87.58211029)
(41.88548189, -87.62793569)
(41.92559227, -87.63118341)
(41.9693131, -87.72806131)
(41.74268022, -87.62560211)
(41.85837151, -87.71153257)
(41.90804108, -87.76586603)
(41.74676537, -87.60262495)
(41.84301696, -87.61722727)
(41.70015833, -87.68391819)
(41.69267337, -87.68468549)
(41.95511256, -87.75809953)
(41.79946289, -87.59600826)
(41.9070808, -87.68067546)
(41.89908504, -87.76554496)
(41.76823645, -87.64204055)
(41.76690939, -87.62333445)
(41.68416462, -87.66671161)
(41.75083246, -87.60522475)
(41.72203907, -87.55659299)
(41.95351637, -87.73889047)
(41.89911504, -87.71553794)
(41.94731799, -87.64978794)
(41.68413298, -87.70896269)
(41.97783537, -87.68026977)
(41.97433476, -87.77456731)
(41.83199004, -87.69486863)
(41.7653326, -87.6279814)
(41.9790063, -87.90646316)
(41.94131081, -87.64931179)
(41.92446729, -87.63978703)
(41.97714411, -87.80097784)
(41.97743733, -87.89933523)
(41.82362859, -87.63277918)
(41.88945317, -87.62799483)
(41.83606932, -87.65954514)
(41.77615028, -87.61552262)
(41.75094076, -87.62518522)
(41.96526146, -87.70837634)
(41.90708543, -87.68052479)
(41.7265028, -87.61547475)
(41.79959746, -87.61772189)
(41.91706113, -87.68739311)
(41.9993369, -87.70248782)
(41.95747421, -87.71460695)
(41.76152812, -87.70639864)
(41.98007174, -87.66829397)
(41.8738473, -87.76299989)
(42.01849825, -87.67298323)
(41.74080949, -87.73910486)
(41.96959276, -87.67419829)
(41.90703235, -87.69697955)
(41.99585156, -87.694017)
(41.81634821, -87.59940601)
(41.73182873, -87.60229234)
(41.76116949, -87.61031995)
(41.8036812, -87.72958971)
(41.96101671, -87.72224235)
(41.86623545, -87.72051715)
(41.92417749, -87.70230276)
(41.85075162, -87.67000224)
(41.74254609, -87.64508268)
(41.88836675, -87.64431663)
(41.96839761, -87.71385775)
(41.91244219, -87.66857031)
(41.88588808, -87.62794224)
(41.69980599, -87.62876751)
(41.77711136, -87.66662616)
(41.80837522, -87.68842375)
(41.87400912, -87.65682259)
(41.75524172, -87.65022094)
(42.00489162, -87.76676855)
(41.84387939, -87.62043259)
(41.949018, -87.7017711)
(41.91406719, -87.7350058)
(41.80716827, -87.74314297)
(41.77293506, -87.69079884)
(41.69235865, -87.62309675)
(41.86171115, -87.70797235)
(41.80337395, -87.74548479)
(41.75055226, -87.59060213)
(41.70186531, -87.69766256)
(41.81681835, -87.65536315)
(41.79499747, -87.66218317)
(41.8230331, -87.61852862)
(41.7690705, -87.62666845)
(41.8514399, -87.6329346)
(41.93890681, -87.77623295)
(41.90938657, -87.76492098)
(41.91117014, -87.63188155)
(41.69648805, -87.69746286)
(41.97378355, -87.65634511)
(41.91177557, -87.75696781)
(41.7090154, -87.62155471)
(41.79332043, -87.64635132)
(41.92701241, -87.70935613)
(41.82269343, -87.61116911)
(41.88536835, -87.63540291)
(41.74422648, -87.6438555)
(41.88325634, -87.73476454)
(41.88768043, -87.73430825)
(41.76918549, -87.62573242)
(41.85603313, -87.71759355)
(41.74101974, -87.73572457)
(41.87987359, -87.68489253)
(41.88301325, -87.68493423)
(41.93111804, -87.74904676)
(41.94776358, -87.64950013)
(41.97645432, -87.90136461)
(41.73965257, -87.70829327)
(41.76328051, -87.61523723)
(41.89538345, -87.72438169)
(41.93783833, -87.75277109)
(41.74110647, -87.61303302)
(41.74747083, -87.69377922)
(41.89617497, -87.72980289)
(41.87277902, -87.72540407)
(41.88570208, -87.64203164)
(41.73887962, -87.69994677)
(42.02018103, -87.67308727)
(41.90191507, -87.71775169)
(41.9554364, -87.67965292)
(41.87967869, -87.77300585)
(41.8941716, -87.62150067)
(41.88567542, -87.64673629)
(41.81774641, -87.61043963)
(41.71891288, -87.53649208)
(41.77168612, -87.57091815)
(41.90841177, -87.69532737)
(41.81283805, -87.70537765)
(41.84188625, -87.70740208)
(41.87525503, -87.72657394)
(41.91871165, -87.76551063)
(41.99424666, -87.79173803)
(41.73487839, -87.55275619)
(41.99094269, -87.68968508)
(41.87853141, -87.77296813)
(41.72044133, -87.53528639)
(41.93677094, -87.64915448)
(41.94813137, -87.6495109)
(41.77999262, -87.62977128)
(41.89476059, -87.63654578)
(41.87662265, -87.71085998)
(42.00791918, -87.66535113)
(41.91214097, -87.76309631)
(41.91221172, -87.76187226)
(41.86902427, -87.66645398)
(41.84405922, -87.70379895)
(41.79446132, -87.61702726)
(41.8817034, -87.62620359)
(41.89404353, -87.74691293)
(41.97078421, -87.79886855)
(41.73690682, -87.58625276)
(41.90768575, -87.64333378)
(41.99193608, -87.81675318)
(41.87484961, -87.73772167)
(41.73055712, -87.57920806)
(41.92895384, -87.6567642)
(41.75170844, -87.56814585)
(41.77440626, -87.63578967)
(41.81470945, -87.71139381)
(41.79940489, -87.60109938)
(41.96223303, -87.77630924)
(41.79061404, -87.62236153)
(41.76057837, -87.58739671)
(41.99551086, -87.79271689)
(41.9690442, -87.65818976)
(41.74322544, -87.62278929)
(42.00095594, -87.79459494)
(41.77067523, -87.72743586)
(41.90385062, -87.66725618)
(41.86763617, -87.70448554)
(41.91101728, -87.69456298)
(41.71265184, -87.62203101)
(41.7545093, -87.56264819)
(41.89552753, -87.70930275)
(41.89262841, -87.63115524)
(41.9020799, -87.68779759)
(41.89103567, -87.62963382)
(41.89132288, -87.75372137)
(41.90393347, -87.62916894)
(41.69851261, -87.56075027)
(41.81774641, -87.61043963)
(41.93179357, -87.77112404)
(41.87408681, -87.62599014)
(41.89544322, -87.71808932)
(41.88213959, -87.71104513)
(41.90769276, -87.71183668)
(41.95699232, -87.6691259)
(41.75647683, -87.55287202)
(41.79157528, -87.68123244)
(41.7796184, -87.65376796)
(41.88277713, -87.70767149)
(41.73734617, -87.64243055)
(41.9790063, -87.90646316)
(41.86004252, -87.72377368)
(41.80684987, -87.74313123)
(41.76680404, -87.60561968)
(41.87319291, -87.74319687)
(41.87485061, -87.73527258)
(41.86270718, -87.69202274)
(41.86651732, -87.6951787)
(41.8525029, -87.7308376)
(41.81583341, -87.62138568)
(41.94975262, -87.74876634)
(41.72276838, -87.62441036)
(42.0136937, -87.67882121)
(41.74441809, -87.69655045)
(41.7639585, -87.68689305)
(41.9244047, -87.63579706)
(42.0175375, -87.81511083)
(41.85374678, -87.67833655)
(41.98084002, -87.65653885)
(41.99354514, -87.65691927)
(41.79244477, -87.62240731)
(41.99354514, -87.65691927)
(41.90930707, -87.80576669)
(41.91052464, -87.72513054)
(41.80336596, -87.62268271)
(41.90654359, -87.68224221)
(41.99354514, -87.65691927)
(41.75220451, -87.62141126)
(41.86327623, -87.642053)
(41.89506828, -87.74231971)
(41.70576166, -87.5328715)
(41.68890865, -87.62659818)
(41.84557767, -87.62747503)
(41.86364222, -87.62733144)
(41.74760602, -87.56860499)
(41.84026266, -87.71468047)
(41.80498872, -87.63445673)
(41.86725154, -87.63959443)
(41.87756569, -87.68489383)
(41.89111367, -87.62535792)
(41.90113338, -87.62990498)
(41.92375886, -87.64017318)
(41.75145288, -87.62456758)
(41.89849938, -87.69677409)
(41.96905784, -87.7280527)
(41.98303063, -87.88240413)
(41.77600352, -87.60096602)
(41.73897822, -87.66314418)
(41.75420459, -87.64933404)
(41.99458783, -87.65736806)
(41.95954065, -87.71309056)
(41.88172219, -87.62435627)
(41.95648346, -87.64975618)
(41.84508444, -87.64523265)
(41.78170274, -87.59785433)
(41.78414828, -87.65826306)
(41.74790804, -87.656096)
(41.99905989, -87.66187892)
(41.75563372, -87.64417322)
(41.76274306, -87.65041629)
(42.01789971, -87.67627567)
(41.77762294, -87.72883696)
(41.7863994, -87.69389848)
(41.91423742, -87.73134853)
(41.77821436, -87.72029632)
(41.85273159, -87.70139047)
(41.92111787, -87.75606066)
(41.87929098, -87.74166461)
(41.75226713, -87.55166967)
(41.9379532, -87.81581815)
(41.78656937, -87.6449567)
(41.96534015, -87.66157125)
(41.76823762, -87.65419967)
(41.86716387, -87.71862488)
(41.9318736, -87.72027146)
(41.88990288, -87.7201955)
(41.76099688, -87.64430644)
(41.75110907, -87.55409877)
(41.77381924, -87.64584826)
(41.85552073, -87.62179361)
(42.00654487, -87.67446455)
(41.86171755, -87.72138627)
(41.8796379, -87.73605416)
(41.93273866, -87.64806197)
(41.79308606, -87.67426793)
(41.91512599, -87.66903478)
(41.80089671, -87.64166395)
(41.83836793, -87.62160201)
(41.73942279, -87.60975052)
(41.89167877, -87.62755165)
(41.79862861, -87.60547245)
(41.82576581, -87.63313746)
(41.9246609, -87.76601643)
(41.74613009, -87.68275521)
(41.92365938, -87.67694585)
(41.69873316, -87.71002987)
(41.90963629, -87.74530073)
(41.85065401, -87.72473271)
(41.9026704, -87.62994688)
(41.95019746, -87.64899989)
(41.90098115, -87.7545193)
(41.77405181, -87.63166189)
(41.95006648, -87.66167282)
(41.88447045, -87.74400752)
(41.79586322, -87.66381708)
(41.97282551, -87.70005028)
(41.75671019, -87.67088723)
(41.88945317, -87.62799483)
(41.81061931, -87.62449529)
(41.92539845, -87.6523113)
(41.90560103, -87.63215558)
(41.78316045, -87.64487217)
(41.80171934, -87.63070362)
(41.74004535, -87.55997783)
(41.92171514, -87.66860634)
(41.75712215, -87.64663489)
(41.90437011, -87.63146007)
(41.79006908, -87.65476868)
(41.87926699, -87.69515835)
(41.75208379, -87.61656043)
(41.8074405, -87.70395585)
(41.80377537, -87.61132291)
(41.88031011, -87.65825435)
(41.83906869, -87.65533017)
(41.81434578, -87.62134713)
(41.80945467, -87.70644142)
(41.79393591, -87.62568028)
(41.69378265, -87.61950383)
(41.85344796, -87.72842451)
(42.01221162, -87.69338219)
(41.89247942, -87.62744368)
(41.78771525, -87.683864)
(41.77299898, -87.57647854)
(41.86707927, -87.6516126)
(41.80188847, -87.58914402)
(41.7428001, -87.61792785)
(41.67363199, -87.63575509)
(41.7620348, -87.56643608)
(41.91263282, -87.68365726)
(41.87845845, -87.74520475)
(41.67371615, -87.63696209)
(41.79774545, -87.58546956)
(41.76960292, -87.68337955)
(41.92191231, -87.68339411)
(41.94355874, -87.73593579)
(41.89923502, -87.62243619)
(41.69492493, -87.65587953)
(41.80153328, -87.64897763)
(41.7863994, -87.69389848)
(41.72132027, -87.56848816)
(41.85558412, -87.63299951)
(41.77553416, -87.65318051)
(41.87799992, -87.64309875)
(41.77904323, -87.61559669)
(41.86404635, -87.71656951)
(41.92230222, -87.69369716)
(41.92595495, -87.75695411)
(41.93991842, -87.65328888)
(41.83089004, -87.63550334)
(41.85150334, -87.72758394)
(42.00167032, -87.67383421)
(42.01849825, -87.67298323)
(42.00667112, -87.66686168)
(41.75253251, -87.60890699)
(41.8169138, -87.59815961)
(41.78878418, -87.61583272)
(41.95247487, -87.77919919)
(41.83660077, -87.61677038)
(41.76599177, -87.65171244)
(41.77921341, -87.61560212)
(41.87941615, -87.64404559)
(41.81621616, -87.62737566)
(41.86327623, -87.642053)
(41.82433866, -87.67631396)
(41.74915918, -87.62243435)
(41.73693875, -87.54582843)
(41.80413311, -87.70385985)
(41.74271022, -87.63408818)
(41.73190924, -87.55076616)
(41.70709533, -87.62883442)
(41.75505859, -87.71478472)
(41.96335136, -87.76097796)
(41.74752854, -87.57347239)
(41.76413355, -87.56265032)
(41.89399011, -87.70215558)
(41.99458416, -87.65767711)
(41.97821164, -87.65570242)
(41.77142043, -87.66157118)
(41.88025131, -87.73791755)
(41.88376011, -87.74784426)
(41.93530313, -87.64691357)
(41.86618256, -87.72450468)
(41.79461414, -87.64516767)
(41.87053045, -87.71799783)
(41.84550054, -87.71603933)
(41.78701723, -87.6455056)
(42.01878644, -87.81457812)
(41.78599324, -87.66073707)
(41.77228548, -87.62511546)
(41.81679435, -87.6078604)
(41.87926772, -87.74354491)
(41.68522843, -87.63061429)
(41.73024285, -87.60623764)
(41.83649126, -87.72067989)
(41.77848623, -87.68972053)
(41.77583464, -87.61551514)
(41.89484433, -87.76592777)
(41.79173277, -87.70155727)
(41.76406015, -87.65968328)
(41.74897845, -87.58827859)
(41.92113315, -87.66856829)
(41.81692441, -87.59724604)
(41.69348486, -87.6241535)
(41.96128704, -87.69279634)
(41.90701257, -87.66594121)
(41.89788184, -87.69675819)
(41.8432658, -87.65459224)
(41.76947212, -87.66394494)
(41.90085549, -87.72542067)
(41.74844981, -87.61121759)
(41.80936703, -87.61771221)
(41.93743245, -87.64918049)
(41.92539845, -87.6523113)
(41.93928648, -87.65408582)
(41.9538815, -87.64968105)
(41.99868452, -87.67716502)
(41.75089816, -87.57840932)
(41.93303969, -87.70500484)
(41.75438755, -87.57237997)
(41.90448196, -87.63450049)
(41.78750263, -87.68752561)
(41.87005016, -87.7377699)
(41.94872277, -87.73529573)
(41.92164934, -87.71528755)
(41.85250499, -87.71624361)
(41.76096026, -87.64186575)
(41.90107271, -87.76682769)
(41.74330845, -87.54665568)
(41.79322706, -87.67063237)
(41.93666743, -87.69601978)
(41.97169381, -87.77266714)
(41.74983614, -87.69323536)
(41.91405534, -87.63339672)
(41.88836527, -87.75168779)
(41.77349037, -87.65191167)
(41.91484819, -87.68817596)
(41.83179686, -87.61697807)
(41.82459087, -87.69574564)
(41.70772616, -87.55965482)
(41.86221827, -87.63908716)
(41.7602161, -87.68801553)
(41.71125951, -87.55175283)
(41.74818464, -87.65367449)
(41.91919462, -87.69300068)
(41.92949578, -87.79910309)
(41.80924568, -87.62558883)
(41.89763861, -87.72737955)
(41.88813174, -87.62954817)
(41.8744151, -87.62760944)
(41.91455604, -87.71182888)
(41.6700835, -87.6416496)
(41.89550508, -87.71174182)
(41.84468782, -87.69537365)
(41.87204269, -87.68900314)
(41.76472805, -87.56127231)
(41.84698715, -87.72515283)
(41.73901181, -87.65950177)
(41.87190874, -87.70194328)
(41.84940035, -87.6793829)
(41.82391822, -87.67143498)
(41.9207275, -87.65830618)
(41.94495301, -87.64941621)
(41.94495301, -87.64941621)
(41.77350695, -87.57112388)
(41.90733999, -87.71004001)
(41.96748068, -87.73923133)
(41.9446642, -87.64562956)
(41.89249762, -87.72355701)
(41.88732598, -87.75838119)
(41.91425223, -87.7744524)
(41.80626991, -87.67098213)
(41.80962908, -87.59793846)
(41.87604254, -87.73650623)
(41.91341762, -87.68851736)
(41.88557814, -87.65252136)
(41.88601293, -87.62950532)
(41.76057985, -87.71524118)
(41.84936401, -87.68168089)
(41.711484, -87.53648861)
(41.88288059, -87.69802348)
(41.94363487, -87.64834228)
(41.7854658, -87.69478776)
(41.69641234, -87.54007998)
(41.79816307, -87.74291021)
(41.75102777, -87.62017459)
(41.75674621, -87.60605584)
(41.81465898, -87.6276312)
(41.93850583, -87.77166051)
(41.77662026, -87.79191581)
(41.75327206, -87.64896279)
(41.77301758, -87.61265777)
(41.9083659, -87.67648536)
(41.81815976, -87.63556819)
(41.8998097, -87.7337284)
(41.93487173, -87.77038769)
(41.95450503, -87.70803292)
(41.88625059, -87.76175112)
(41.7342499, -87.58281763)
(41.73770975, -87.7409581)
(41.97486195, -87.89037215)
(41.79509925, -87.6731178)
(41.89975338, -87.71279524)
(41.94648916, -87.71870153)
(42.00501162, -87.66087077)
(41.78282724, -87.62215791)
(41.79134106, -87.68397041)
(41.78228624, -87.69104281)
(41.72242912, -87.56071659)
(41.89192423, -87.65740486)
(41.85011833, -87.62373639)
(41.70847276, -87.6283506)
(41.91797835, -87.73512726)
(41.85307971, -87.67685679)
(42.00884903, -87.90707319)
(41.75032432, -87.66616681)
(41.94076103, -87.65656221)
(41.93385183, -87.65390093)
(41.94046349, -87.65776358)
(41.81130646, -87.67112099)
(41.92540261, -87.6520871)
(41.75036897, -87.66299273)
(41.91906259, -87.64733382)
(41.9089618, -87.71920125)
(41.9186526, -87.64852869)
(41.88993496, -87.63769635)
(41.89499691, -87.74659568)
(41.8931795, -87.63467145)
(41.90168089, -87.62834515)
(41.78649959, -87.64981588)
(41.70956277, -87.64290026)
(41.93767055, -87.73822539)
(41.69223326, -87.65271504)
(42.00721349, -87.67000926)
(41.87946256, -87.74837188)
(41.85373501, -87.69674098)
(41.71212255, -87.66083382)
(41.80689027, -87.58983438)
(41.9123195, -87.75001548)
(41.88084844, -87.69628465)
(41.71004773, -87.64048887)
(41.87306204, -87.6438495)
(41.97717304, -87.75369011)
(41.85251054, -87.71116723)
(41.89190392, -87.75793981)
(41.94369592, -87.70458043)
(41.75203675, -87.67472467)
(41.77632263, -87.60583838)
(41.74315306, -87.65764832)
(41.92627641, -87.65738779)
(41.7059567, -87.64839912)
(41.81721552, -87.61681043)
(41.82073148, -87.69706064)
(41.90437011, -87.63146007)
(41.77541415, -87.60581931)
(42.00311773, -87.66080241)
(41.96515678, -87.72672179)
(41.76048087, -87.6558282)
(41.74849415, -87.6348133)
(41.7720169, -87.64458443)
(41.69309205, -87.52946605)
(41.80536729, -87.61136005)
(41.75094076, -87.62518522)
(41.94916008, -87.7066662)
(41.86009453, -87.70792569)
(41.89482155, -87.63213393)
(41.87403663, -87.7477274)
(41.79998546, -87.6334842)
(41.960496, -87.6819396)
(41.87755919, -87.75564501)
(41.69136371, -87.71392345)
(41.80229318, -87.67331903)
(41.91042819, -87.68057523)
(41.74205731, -87.55515725)
(41.76126381, -87.61837522)
(41.79197009, -87.64266569)
(41.7190913, -87.55289233)
(41.93452001, -87.72769578)
(41.94273699, -87.70687245)
(41.91078085, -87.71657171)
(41.9790063, -87.90646316)
(41.89367653, -87.63562833)
(41.90157241, -87.63439263)
(41.89837854, -87.6992363)
(41.89273519, -87.70400801)
(41.73393197, -87.60332732)
(41.75053814, -87.63427809)
(41.75149229, -87.58659673)
(41.89226525, -87.71499794)
(41.77324642, -87.70541937)
(41.88068386, -87.72930973)
(41.73158112, -87.66294264)
(41.76565125, -87.62490985)
(41.98410903, -87.66085538)
(41.75107531, -87.56744241)
(41.97986626, -87.66693164)
(41.77891263, -87.70678663)
(41.82332006, -87.6232032)
(41.8486319, -87.72222671)
(41.75540493, -87.64537778)
(41.91034593, -87.68543287)
(41.841856, -87.62874168)
(41.90835751, -87.63011957)
(41.66427822, -87.63377729)
(41.85361012, -87.66603785)
(41.79241637, -87.62402847)
(41.77778339, -87.61556307)
(41.94446375, -87.65529901)
(41.73053285, -87.5838867)
(41.80128275, -87.62263237)
(41.90898102, -87.68964209)
(41.73680698, -87.54582272)
(41.74932114, -87.61318673)
(41.89560486, -87.63323093)
(41.94813137, -87.6495109)
(41.89478116, -87.63496252)
(41.9530759, -87.77467951)
(41.87945082, -87.62850877)
(41.78074856, -87.76427291)
(41.8006297, -87.71772448)
(41.88747228, -87.64617351)
(41.76899019, -87.63507854)
(41.83990497, -87.70490391)
(41.88396972, -87.64419128)
(41.75770996, -87.62636061)
(41.98133733, -87.80694527)
(41.75429591, -87.57971086)
(41.96145282, -87.67936715)
(41.90113338, -87.62990498)
(41.88899385, -87.62693483)
(41.87093174, -87.68615781)
(41.87736877, -87.74516334)
(41.77499383, -87.60272256)
(41.75563372, -87.64417322)
(41.77522889, -87.66287324)
(41.89327185, -87.6574384)
(41.86747937, -87.62299372)
(41.76842849, -87.67472932)
(41.88452109, -87.62209989)
(41.83091764, -87.60806421)
(41.84888276, -87.73442443)
(41.88227454, -87.72083396)
(41.8742252, -87.73585487)
(41.91997979, -87.70900577)
(41.75187331, -87.7247102)
(41.75187331, -87.7247102)
(41.78237965, -87.68861098)
(41.88652124, -87.61717865)
(41.87920284, -87.62611365)
(41.73283726, -87.61512945)
(41.89484208, -87.63055434)
(41.75203751, -87.70978198)
(42.01310923, -87.66360415)
(41.85753386, -87.62560361)
(41.92275055, -87.64499406)
(41.87036407, -87.74489712)
(41.88601293, -87.62950532)
(41.87781417, -87.65568455)
(41.83805499, -87.64545841)
(41.69036846, -87.61330642)
(41.91060834, -87.66939758)
(41.9433376, -87.66920883)
(41.80791797, -87.66981341)
(41.73861084, -87.66556259)
(41.77268594, -87.6057585)
(41.85505091, -87.71917402)
(41.9651787, -87.67347898)
(41.89262841, -87.63115524)
(41.94660531, -87.64946472)
(41.94798828, -87.65314062)
(41.79493659, -87.65975244)
(41.77321308, -87.72110647)
(41.75774667, -87.62474756)
(41.97760948, -87.8464671)
(41.94725226, -87.65350869)
(41.88199935, -87.72949931)
(41.9845067, -87.65521637)
(41.8652019, -87.73371045)
(41.72847052, -87.62077216)
(41.75424184, -87.61015582)
(41.8820105, -87.69453249)
(41.90552844, -87.71048009)
(41.70700082, -87.63628806)
(41.75241483, -87.71053694)
(41.86763922, -87.70204037)
(41.75629035, -87.5651081)
(41.79576151, -87.76850052)
(42.00138306, -87.66402881)
(41.70455549, -87.68065864)
(41.75821482, -87.62411934)
(41.86029057, -87.71524368)
(41.79515548, -87.70116427)
(41.76946214, -87.6712216)
(41.87201879, -87.72538924)
(41.89167877, -87.62755165)
(41.76627433, -87.66382789)
(41.83288728, -87.62287363)
(41.93918322, -87.74687444)
(41.75563372, -87.64417322)
(41.88168063, -87.65379659)
(41.7522617, -87.65769573)
(41.76114239, -87.65725071)
(41.78580066, -87.6947991)
(41.72176564, -87.62157519)
(41.88410524, -87.77077479)
(42.01560943, -87.68418891)
(41.90481769, -87.72636758)
(41.71134677, -87.53648665)
(41.69061921, -87.66433469)
(41.87669537, -87.75196253)
(41.87984915, -87.77138497)
(41.93343203, -87.74113141)
(41.72722196, -87.62344922)
(41.86327623, -87.642053)
(41.89162058, -87.63148948)
(41.79329259, -87.78916452)
(41.90834024, -87.76587441)
(41.70812406, -87.62475439)
(41.75609664, -87.64448713)
(41.99827946, -87.67066492)
(41.9050014, -87.69446866)
(41.91939404, -87.68501433)
(41.84519778, -87.61885082)
(41.77997505, -87.63093738)
(41.77493783, -87.78206817)
(41.78329139, -87.61209175)
(41.87691781, -87.67952838)
(41.8972675, -87.63272057)
(41.77131697, -87.66642222)
(41.91096064, -87.6762567)
(41.90450461, -87.63146594)
(41.88232454, -87.73552971)
(41.93338629, -87.7445093)
(41.73846458, -87.55752726)
(41.96337717, -87.71565658)
(41.77479834, -87.7413465)
(41.79647299, -87.60223294)
(41.8683001, -87.69896456)
(41.89506365, -87.74248504)
(41.73585717, -87.62415286)
(41.89472976, -87.77389906)
(41.88548189, -87.62793569)
(41.9021661, -87.63139605)
(41.87047292, -87.74364779)
(41.76426565, -87.64802858)
(41.79929823, -87.58119358)
(41.88190951, -87.70457695)
(41.88920383, -87.6316408)
(41.9730173, -87.68963391)
(41.91284784, -87.76563609)
(41.90437011, -87.63146007)
(41.80568473, -87.70506238)
(41.91810626, -87.67763474)
(41.90993792, -87.72161661)
(41.96721995, -87.6913102)
(42.01603527, -87.6689277)
(41.90801651, -87.67250666)
(41.97676298, -87.90098372)
(41.66799946, -87.63556701)
(41.88012979, -87.7720949)
(41.82431654, -87.71026622)
(41.75659767, -87.61428552)
(41.74841826, -87.6318165)
(41.96516608, -87.71815435)
(41.87449551, -87.71435045)
(42.01844716, -87.69846069)
(41.89280662, -87.6595258)
(41.88539132, -87.62793301)
(41.85844398, -87.71275427)
(41.87720995, -87.71595092)
(41.87772497, -87.76689074)
(41.97486195, -87.89037215)
(41.80158649, -87.61939419)
(41.78551967, -87.73856753)
(41.96766578, -87.66273085)
(41.99091164, -87.6608132)
(41.79865285, -87.69393438)
(41.90712916, -87.67808505)
(41.69804263, -87.62406315)
(41.97660033, -87.9015144)
(41.68233493, -87.62065173)
(41.89276474, -87.66834834)
(41.85465945, -87.69667308)
(41.90186282, -87.62803092)
(41.78210246, -87.6861682)
(41.90458384, -87.73620008)
(41.83395965, -87.61702735)
(42.00861253, -87.66189989)
(41.80251948, -87.58447147)
(41.87225757, -87.66655256)
(41.74087426, -87.72163726)
(41.84372952, -87.7062354)
(41.79771109, -87.58905299)
(41.76575557, -87.57629243)
(41.91999324, -87.75725395)
(41.70284641, -87.66832404)
(41.74087426, -87.72163726)
(41.79846376, -87.70492387)
(41.94025133, -87.64927533)
(41.71163052, -87.64174276)
(41.77013059, -87.68497252)
(41.75042076, -87.60521474)
(41.8578163, -87.66496263)
(41.91870188, -87.75041665)
(41.99204576, -87.70552471)
(41.86621554, -87.72193079)
(41.7784712, -87.68606906)
(41.93991842, -87.65328888)
(41.85579372, -87.71389945)
(41.95447926, -87.65515243)
(41.99362424, -87.74233212)
(41.67355412, -87.61641112)
(41.9790063, -87.90646316)
(41.75671411, -87.5860854)
(41.85278773, -87.71015882)
(41.87128629, -87.74492537)
(41.79368446, -87.78673355)
(41.89594193, -87.74679272)
(41.91286741, -87.70460019)
(41.74622657, -87.72180632)
(41.87387616, -87.76052855)
(41.93601567, -87.75267369)
(41.79511426, -87.63301645)
(41.79828344, -87.70859305)
(41.76694679, -87.57632241)
(41.87895842, -87.6631487)
(41.91877662, -87.76588484)
(41.90071136, -87.73455012)
(41.85149134, -87.72843193)
(41.85160193, -87.72030448)
(41.94379059, -87.65376601)
(41.74951447, -87.7249487)
(41.93902741, -87.65529045)
(41.75957242, -87.61515029)
(41.89918793, -87.70721012)
(41.94348516, -87.65967982)
(41.91405534, -87.63339672)
(41.8661293, -87.65757018)
(41.79313261, -87.73124357)
(41.90404235, -87.75752226)
(41.89542186, -87.7678473)
(41.77894342, -87.64962482)
(41.7550009, -87.65264603)
(41.74233178, -87.55273555)
(41.95377101, -87.65002045)
(41.87799992, -87.64309875)
(41.80696886, -87.61952884)
(41.72883584, -87.60463426)
(41.84945683, -87.70273302)
(41.79520994, -87.66097443)
(41.75830462, -87.56880418)
(41.76343508, -87.57522374)
(41.77369623, -87.65191682)
(41.89354973, -87.76662239)
(41.88321693, -87.62867302)
(41.93368447, -87.78822271)
(41.69428551, -87.62315244)
(41.72288368, -87.54122338)
(41.81683118, -87.69446528)
(41.9742441, -87.69211122)
(41.85293899, -87.68639428)
(41.81508128, -87.66757147)
(41.90821683, -87.71283819)
(41.79444903, -87.70245106)
(41.73653109, -87.5500249)
(41.82385999, -87.61514773)
(41.66324995, -87.63572443)
(41.98191473, -87.77805762)
(41.89392532, -87.63909649)
(41.94865321, -87.6468255)
(41.72625912, -87.64334062)
(41.78408925, -87.69597107)
(41.97239643, -87.69393167)
(41.79201242, -87.79822934)
(41.78648194, -87.68902455)
(41.69851353, -87.53045677)
(41.74307072, -87.60379177)
(41.90715332, -87.63968057)
(41.86867551, -87.68364728)
(41.70969548, -87.64169392)
(41.87887815, -87.66775058)
(41.88703365, -87.66249507)
(41.74432397, -87.65842755)
(41.86844745, -87.64222859)
(41.90979328, -87.67655155)
(41.76599037, -87.64686656)
(41.91959414, -87.73029876)
(41.75335973, -87.65541934)
(41.69279745, -87.53050589)
(41.9366077, -87.73594921)
(41.88288985, -87.69721916)
(41.88832475, -87.76330817)
(41.87954057, -87.62525434)
(41.9632277, -87.7709397)
(41.90086045, -87.63284292)
(41.78569136, -87.61627055)
(41.8082757, -87.7137192)
(41.88955826, -87.74668218)
(41.76520048, -87.58077456)
(41.88119479, -87.76488814)
(41.77339074, -87.66531927)
(41.9533193, -87.64790038)
(41.7644077, -87.62841673)
(41.89159083, -87.65857631)
(41.93716955, -87.79812021)
(41.89323962, -87.67312546)
(41.96663743, -87.707576)
(41.89181982, -87.65785037)
(41.93228407, -87.67831644)
(41.96209526, -87.70949929)
(41.74383983, -87.57341694)
(41.87957027, -87.72318787)
(41.73575527, -87.60349719)
(41.83370218, -87.6753669)
(41.72276838, -87.62441036)
(41.95352716, -87.75715427)
(41.72193855, -87.57899016)
(41.87620707, -87.67664586)
(41.87227445, -87.76458166)
(41.75036897, -87.66299273)
(41.83660077, -87.61677038)
(41.9294692, -87.76498895)
(41.8785315, -87.75038161)
(41.74608884, -87.65847502)
(41.76575557, -87.57629243)
(41.76535856, -87.56649913)
(41.93913355, -87.66120684)
(41.74987655, -87.68283832)
(41.89440789, -87.72360863)
(41.79113365, -87.69494786)
(41.84450351, -87.64675093)
(41.94582554, -87.65540956)
(41.75369402, -87.61821369)
(41.78230831, -87.68617346)
(41.75168946, -87.66590347)
(41.91440508, -87.711823)
(41.76519914, -87.56893127)
(41.65825469, -87.61513901)
(41.76190393, -87.69540261)
(41.89600704, -87.63123209)
(41.72607204, -87.57865607)
(41.8628136, -87.71850869)
(41.75152891, -87.54804686)
(41.97701762, -87.69244749)
(42.01824468, -87.69018631)
(41.88468854, -87.68467859)
(41.91463571, -87.68164928)
(41.90748095, -87.68348908)
(41.80065553, -87.66962794)
(41.76661166, -87.67471125)
(41.97039248, -87.67106069)
(41.81082089, -87.59378719)
(41.80371188, -87.66240766)
(41.73282921, -87.55408894)
(41.88297497, -87.72716191)
(41.87255325, -87.70587663)
(41.76343508, -87.57522374)
(41.80681225, -87.74435665)
(41.81573368, -87.62300822)
(41.8236361, -87.69776932)
(41.85341835, -87.72386227)
(41.89583039, -87.65946096)
(41.78927972, -87.62005146)
(41.92441698, -87.65479109)
(41.90986048, -87.72823754)
(41.90439412, -87.63000143)
(41.69257474, -87.62387059)
(41.8740601, -87.70592431)
(41.88056949, -87.73894646)
(41.78455731, -87.69525877)
(42.01824468, -87.69018631)
(42.00106499, -87.66125447)
(41.77514017, -87.7529429)
(41.84416546, -87.73076903)
(41.8173342, -87.61165854)
(41.71568847, -87.61519953)
(41.73693873, -87.64679498)
(41.90710424, -87.6275728)
