(41.89971272, -87.71645416)
(41.87837335, -87.6472551)
(41.90349556, -87.72388951)
(41.73891835, -87.65342045)
(41.97676298, -87.90098372)
(41.91079813, -87.72391925)
(41.89499306, -87.63415952)
(41.89082499, -87.63018336)
(41.79778368, -87.64928524)
(41.745394, -87.60016337)
(41.87616378, -87.74511196)
(41.85068151, -87.6954132)
(41.8158078, -87.62301107)
(41.72656648, -87.63606562)
(41.88975195, -87.63107289)
(41.79679402, -87.75539172)
(41.81276371, -87.59932955)
(41.80827074, -87.69477409)
(41.84557767, -87.62747503)
(41.77148502, -87.63331752)
(41.90163014, -87.72504966)
(41.79690978, -87.58399034)
(41.91000483, -87.71566073)
(41.79812297, -87.6963638)
(41.99780877, -87.68531531)
(41.69768298, -87.6535547)
(41.9790063, -87.90646316)
(41.82414443, -87.63864011)
(41.81252454, -87.71130857)
(41.68245026, -87.63723034)
(41.8993224, -87.6927805)
(41.76868164, -87.72616428)
(42.01498392, -87.66697729)
(41.72426903, -87.60936743)
(41.92368038, -87.69281252)
(41.93196285, -87.71287637)
(41.93090622, -87.70128462)
(41.79717827, -87.63306732)
(41.79396225, -87.59327693)
(41.77228828, -87.65747095)
(41.92450846, -87.72498305)
(41.85095927, -87.63332157)
(41.75149229, -87.58659673)
(41.93947743, -87.73951339)
(41.85496367, -87.62713324)
(41.75127045, -87.58582237)
(41.9089575, -87.72406166)
(41.97443695, -87.71475538)
(41.92466003, -87.64766338)
(41.74931588, -87.56862867)
(41.74764619, -87.60347246)
(41.99088003, -87.66338477)
(41.87766908, -87.62928477)
(41.8766615, -87.6478095)
(41.89565218, -87.69701173)
(41.69635828, -87.54378619)
(41.73209814, -87.66454194)
(41.76060296, -87.58484907)
(41.75044769, -87.59909808)
(41.96750939, -87.69498807)
(41.89925873, -87.69960593)
(41.74834116, -87.73406625)
(41.76190581, -87.56643395)
(41.94593982, -87.72738554)
(41.97393146, -87.70705963)
(41.73003004, -87.5549031)
(41.839254, -87.64267491)
(41.77607679, -87.73123815)
(41.9298684, -87.70871458)
(41.8382377, -87.70362849)
(41.72581633, -87.55391726)
(41.90316534, -87.62921044)
(41.94642793, -87.70535861)
(41.89069773, -87.68455536)
(41.93275539, -87.64718712)
(41.71507726, -87.67825203)
(41.74784567, -87.55282267)
(41.79680863, -87.66830705)
(41.7832019, -87.60964349)
(41.99052683, -87.68795305)
(41.76493912, -87.66169378)
(41.79828746, -87.69881201)
(41.78341325, -87.59626917)
(41.94813137, -87.6495109)
(41.79273243, -87.72560365)
(41.91851191, -87.6901636)
(41.72708608, -87.57303927)
(41.91067343, -87.66453641)
(41.75051935, -87.61127136)
(41.76131101, -87.66120015)
(41.89624624, -87.65644471)
(41.94729796, -87.6510343)
(41.87562563, -87.6294504)
(41.74064908, -87.70332603)
(41.78033068, -87.68489178)
(41.76130891, -87.66131013)
(41.78933455, -87.69367496)
(41.76444881, -87.56546897)
(41.89944161, -87.76218816)
(41.77147673, -87.59005653)
(41.7593831, -87.55815133)
(41.76191548, -87.59088529)
(41.80425037, -87.72046998)
(41.89194981, -87.76053237)
(41.88828953, -87.6239715)
(41.69235452, -87.64268156)
(41.90918154, -87.70805296)
(41.85380779, -87.63286839)
(41.86000685, -87.72377401)
(41.70982802, -87.64411333)
(41.77962285, -87.65359193)
(41.94201571, -87.6881227)
(41.75132065, -87.60215185)
(41.87047279, -87.74362209)
(41.96914145, -87.65096672)
(41.7216272, -87.62448518)
(41.8960152, -87.68440237)
(41.7571714, -87.56594789)
(41.70819818, -87.62475724)
(41.76277792, -87.60126305)
(42.01791671, -87.67973471)
(41.77087868, -87.58501556)
(41.76792532, -87.65661865)
(41.72822686, -87.55285504)
(41.94481159, -87.65425508)
(41.85256844, -87.72608733)
(41.95348555, -87.74142373)
(41.97342657, -87.69166342)
(41.79110052, -87.62026597)
(41.9177304, -87.7375803)
(41.90927044, -87.67009476)
(41.89945483, -87.68265584)
(41.92546318, -87.6479708)
(41.95019043, -87.71448991)
(41.79100076, -87.6864014)
(41.97723708, -87.77209997)
(41.88437505, -87.75112907)
(41.88563513, -87.64918254)
(41.98355338, -87.71377338)
(41.9034225, -87.67726337)
(41.7904311, -87.62073909)
(41.94481907, -87.65459317)
(41.98119442, -87.8098998)
(41.92267859, -87.64489195)
(41.94329085, -87.67252114)
(41.72883584, -87.60463426)
(41.96343349, -87.70831699)
(41.96568925, -87.73300442)
(41.78571308, -87.68747757)
(41.77137029, -87.66520826)
(41.90117718, -87.64528826)
(41.85835965, -87.64543908)
(41.86440248, -87.72055301)
(41.92490358, -87.68729564)
(41.87939319, -87.63299297)
(41.65126434, -87.54592513)
(41.88535171, -87.66583985)
(41.80994598, -87.66744124)
(41.80341343, -87.58605284)
(41.78945243, -87.66568058)
(41.89746616, -87.76670163)
(41.92449246, -87.72610764)
(41.76711483, -87.5710236)
(41.76367153, -87.69545108)
(41.89326534, -87.62851116)
(41.75556567, -87.55407784)
(41.7070254, -87.63446035)
(42.01860606, -87.67598872)
(41.79805017, -87.59141087)
(41.78311365, -87.62054879)
(41.77876753, -87.68362799)
(41.90316534, -87.62921044)
(41.87355906, -87.71626878)
(41.74325563, -87.60136759)
(41.77867124, -87.64083594)
(41.90446249, -87.64811831)
(41.91652641, -87.65929471)
(41.75564281, -87.64294536)
(41.69045695, -87.63025716)
(41.96427183, -87.66236933)
(41.76030736, -87.70147343)
(41.75093604, -87.6828716)
(41.93331693, -87.749736)
(41.80856427, -87.66910615)
(41.89568712, -87.69243851)
(42.01022449, -87.67297315)
(41.78011089, -87.61561778)
(41.76036189, -87.58617869)
(41.91059884, -87.64220761)
(41.94717205, -87.65758616)
(41.85385329, -87.62551938)
(41.68567938, -87.68833256)
(41.8806, -87.73636467)
(41.7511008, -87.58505475)
(41.92327098, -87.70063976)
(41.76936116, -87.66515579)
(41.90356767, -87.7271435)
(41.94770691, -87.66645797)
(41.80221652, -87.60825593)
(41.75029867, -87.62297515)
(41.88588808, -87.62794224)
(41.90892169, -87.69573008)
(41.88633725, -87.62068789)
(41.9042569, -87.63449559)
(41.98077786, -87.66702144)
(41.90937614, -87.68475568)
(41.95907768, -87.77697645)
(41.96750119, -87.65480106)
(41.69880079, -87.56075414)
(41.76805313, -87.56933361)
(41.71160204, -87.64660318)
(41.90590357, -87.64085862)
(41.78624698, -87.66802388)
(41.87424928, -87.62920848)
(41.94503968, -87.65477462)
(42.00243976, -87.66406189)
(41.70047671, -87.5377011)
(41.79170828, -87.65724131)
(41.882293, -87.76112173)
(41.99054855, -87.79080195)
(41.9216747, -87.65744739)
(41.89866332, -87.7471535)
(41.77328948, -87.71640593)
(41.8807511, -87.72385598)
(41.79177903, -87.65481298)
(41.78550719, -87.68991065)
(41.91411935, -87.72768294)
(41.71693697, -87.64430476)
(41.7510729, -87.5828819)
(41.8048561, -87.67614994)
(41.72121337, -87.62502086)
(41.94607644, -87.65560908)
(41.89003202, -87.63020308)
(41.78524626, -87.61574751)
(41.9460213, -87.65556555)
(41.8752121, -87.62601445)
(41.90146699, -87.72017304)
(41.90643572, -87.71028391)
(41.66569, -87.63668259)
(41.89482155, -87.63213393)
(41.85673227, -87.69436564)
(41.74988027, -87.66342658)
(41.87292494, -87.74499112)
(41.85148016, -87.71499449)
(41.94145585, -87.72480728)
(41.75084361, -87.60395297)
(41.70567778, -87.60094436)
(41.70113105, -87.61847413)
(41.75617079, -87.60532934)
(41.96022299, -87.65470547)
(41.88357991, -87.70945207)
(41.82849036, -87.61835417)
(41.89367653, -87.63562833)
(41.88449328, -87.62737735)
(41.93057476, -87.71960403)
(41.7514048, -87.59386125)
(41.99134764, -87.79733919)
(41.91871165, -87.76551063)
(41.94167919, -87.65823226)
(41.9380964, -87.68802255)
(41.90393572, -87.6290881)
(41.93991842, -87.65328888)
(41.92228645, -87.75542179)
(41.94384413, -87.64938028)
(41.90392745, -87.62952901)
(41.70269259, -87.52685268)
(41.89367684, -87.63117681)
(41.89046302, -87.74705586)
(41.88903627, -87.71978878)
(41.94960023, -87.65844277)
(41.71245604, -87.62010668)
(41.78644068, -87.69145968)
(41.90316881, -87.67849289)
(41.90393572, -87.6290881)
(41.82183622, -87.60190414)
(41.91072397, -87.66097225)
(42.01849825, -87.67298323)
(41.89594295, -87.74699106)
(41.89102304, -87.61914102)
(41.9400715, -87.83373031)
(41.86928097, -87.62543733)
(41.94716994, -87.65769278)
(41.74907593, -87.57715539)
(42.01005291, -87.68475318)
(41.77587656, -87.61431952)
(41.89367653, -87.63562833)
(41.922117, -87.67500683)
(41.9682494, -87.72722196)
(41.93563339, -87.77125571)
(41.74588074, -87.59731424)
(41.88681562, -87.63152371)
(41.77682652, -87.72301885)
(41.84624586, -87.62813932)
(41.87031114, -87.65424746)
(41.89624835, -87.71267858)
(41.90238286, -87.66496456)
(41.93002303, -87.7539077)
(41.76688965, -87.57265746)
(41.75131709, -87.60245606)
(41.73830254, -87.55995111)
(41.96823457, -87.72857162)
(41.84540851, -87.6839231)
(41.88036822, -87.72565895)
(41.9334883, -87.75649673)
(41.76354143, -87.71380156)
(41.76997916, -87.6493901)
(41.92833112, -87.77465291)
(41.65819932, -87.54713245)
(41.6907307, -87.62656726)
(41.79037252, -87.76587827)
(41.9363943, -87.69773888)
(41.74682153, -87.56372955)
(41.85093361, -87.72519253)
(41.74859403, -87.61364559)
(41.88251926, -87.72817241)
(41.72682882, -87.59974439)
(41.72118063, -87.62371719)
(41.79078845, -87.71819268)
(41.77715897, -87.70226492)
(41.85873533, -87.70326225)
(41.90104246, -87.66287374)
(41.88577258, -87.68226586)
(41.89416553, -87.62184966)
(41.75566919, -87.63685753)
(41.83235078, -87.61734984)
(41.90245523, -87.66608418)
(41.89796579, -87.73429662)
(41.94849266, -87.70105578)
(41.68547466, -87.60796468)
(41.83786481, -87.72559517)
(41.75979491, -87.64111589)
(41.90977667, -87.676526)
(41.75563372, -87.64417322)
(41.92149762, -87.79234265)
(41.87196466, -87.69666293)
(41.77443524, -87.66655122)
(41.69235865, -87.62309675)
(41.76575557, -87.57629243)
(41.77532878, -87.66778111)
(41.75633088, -87.60287929)
(41.89556096, -87.70586818)
(41.97377403, -87.84218263)
(41.94596195, -87.76001606)
(41.84944363, -87.7247038)
(41.90760028, -87.6740943)
(41.72943946, -87.64100592)
(41.97912164, -87.65505652)
(41.6731536, -87.65393365)
(41.74541626, -87.54428107)
(41.73488399, -87.55966971)
(41.73074137, -87.67337423)
(41.74419498, -87.65842523)
(41.9462529, -87.65575057)
(42.00842557, -87.6618393)
(41.86684367, -87.62581667)
(41.89862695, -87.75133389)
(41.77041927, -87.66072016)
(41.943029, -87.64936326)
(41.7587551, -87.58723457)
(42.01860606, -87.67598872)
(41.88988295, -87.66734254)
(41.77516201, -87.58789131)
(41.7666329, -87.61286486)
(41.92106065, -87.66600429)
(41.84198815, -87.63420105)
(42.01705652, -87.69019829)
(41.9095099, -87.754997)
(41.73699363, -87.54582776)
(41.69072915, -87.62676132)
(41.91245845, -87.66711526)
(41.88048763, -87.74597198)
(41.87604227, -87.73645482)
(41.81002978, -87.6844823)
(41.87799992, -87.64309875)
(41.76507277, -87.58474947)
(41.98082628, -87.88361132)
(41.67856617, -87.62052493)
(41.73099572, -87.56340925)
(42.0117178, -87.67448844)
(41.89484208, -87.63055434)
(41.93444721, -87.64421044)
(42.0129597, -87.69024324)
(41.88195564, -87.69998625)
(41.77333354, -87.68212478)
(41.90817094, -87.77556714)
(41.82190944, -87.69322979)
(41.78587693, -87.7286751)
(41.75960962, -87.55837219)
(41.75247892, -87.57966981)
(41.76244877, -87.64296037)
(41.74893379, -87.60269198)
(41.76235967, -87.68562622)
(41.70688511, -87.62232896)
(41.98007771, -87.6721777)
(41.68292762, -87.6449496)
(41.7829874, -87.62054653)
(41.8949457, -87.75489334)
(41.69703976, -87.63146705)
(41.90218734, -87.62993382)
(41.83444303, -87.72306991)
(41.91632817, -87.68248814)
(41.76071782, -87.64307789)
(41.87837335, -87.6472551)
(41.89389317, -87.61512764)
(41.92300398, -87.69751168)
(41.80266556, -87.65387658)
(41.88549579, -87.61864438)
(41.91122496, -87.68122474)
(41.84662361, -87.68381539)
(41.77240262, -87.58262232)
(41.89613215, -87.7507358)
(41.73343745, -87.64963501)
(41.77269983, -87.57647472)
(41.86576689, -87.64506598)
(41.88690933, -87.62666767)
(41.90124188, -87.6674339)
(41.97362267, -87.66119002)
(41.75287891, -87.58334095)
(41.89194695, -87.62966422)
(41.84639894, -87.69959937)
(41.99046783, -87.6950714)
(41.94315379, -87.765371)
(41.75610915, -87.55247699)
(41.77699457, -87.66541752)
(41.92985997, -87.73495746)
(41.7783806, -87.68606264)
(41.81092718, -87.6044052)
(41.90289525, -87.72143772)
(41.87481043, -87.75802706)
(41.74570671, -87.55144144)
(41.85387677, -87.62710482)
(41.9714114, -87.77159583)
(42.00037186, -87.68144107)
(41.85726743, -87.65885649)
(41.79682763, -87.69388651)
(41.76182216, -87.5908827)
(41.75785511, -87.5834626)
(41.68184914, -87.64084637)
(41.86221827, -87.63908716)
(41.94491182, -87.64941298)
(41.80444473, -87.66242936)
(41.87558892, -87.63242131)
(41.70732281, -87.6132894)
(41.82384297, -87.616377)
(41.92539845, -87.6523113)
(41.90212256, -87.6645632)
(41.90392938, -87.62939674)
(41.81237358, -87.60443282)
(41.73593111, -87.65364248)
(41.7581463, -87.58224606)
(41.95204437, -87.64625239)
(41.90367673, -87.72389881)
(41.95358995, -87.73298931)
(41.85601565, -87.71996867)
(41.90347807, -87.6314331)
(41.85143426, -87.73219469)
(41.86009737, -87.71401944)
(42.01849825, -87.67298323)
(41.71217762, -87.61024661)
(41.7742769, -87.60824809)
(41.89436736, -87.65986934)
(41.76500965, -87.65687655)
(41.88023894, -87.76527117)
(42.00791383, -87.66584791)
(41.72822686, -87.55285504)
(41.93343622, -87.64539737)
(41.98177255, -87.71126391)
(41.74818464, -87.65367449)
(41.83922186, -87.64509362)
(41.80057069, -87.63314775)
(41.78929217, -87.68513516)
(41.8414438, -87.73298915)
(41.77289487, -87.57525533)
(41.68982621, -87.62630622)
(41.77339556, -87.64704789)
(41.878639, -87.62769149)
(41.95052411, -87.76026927)
(41.90715332, -87.63968057)
(41.81449622, -87.72383523)
(41.83787159, -87.62343501)
(41.7390479, -87.64613497)
(41.86221827, -87.63908716)
(41.88677477, -87.76341376)
(41.85294738, -87.7077237)
(41.77342778, -87.5782515)
(41.72119436, -87.66396637)
(41.82681709, -87.61803157)
(41.90398775, -87.76252601)
(41.94813137, -87.6495109)
(41.96823882, -87.72833624)
(41.75899665, -87.63572567)
(41.94320009, -87.73346538)
(41.87384122, -87.76343321)
(41.97408585, -87.68982173)
(41.8111591, -87.69551571)
(41.77912009, -87.61559949)
(41.81819814, -87.68960553)
(41.74349279, -87.57947444)
(41.86255961, -87.72182245)
(41.89701565, -87.73733945)
(41.84495735, -87.64280442)
(41.91131628, -87.67942728)
(41.76028472, -87.61232744)
(41.91090416, -87.72269852)
(41.96837549, -87.68403253)
(41.82823854, -87.69633687)
(41.85552494, -87.6978538)
(41.94050657, -87.65112508)
(41.8956402, -87.69881528)
(41.74130441, -87.65969033)
(41.87436328, -87.64301304)
(41.91703477, -87.78524501)
(41.72227434, -87.65905395)
(41.77825138, -87.69336716)
(41.84706568, -87.7234014)
(41.80850942, -87.59196144)
(41.88096623, -87.70671971)
(41.97156768, -87.75826407)
(41.77196731, -87.68414019)
(41.75507094, -87.66598938)
(41.90393572, -87.6290881)
(41.94117306, -87.74692972)
(41.90742061, -87.68592533)
(41.87855903, -87.74824058)
(41.97945002, -87.80351839)
(41.70008137, -87.53649025)
(41.68086638, -87.64445175)
(41.93763212, -87.73822207)
(41.99358626, -87.66393394)
(41.79897528, -87.60129497)
(42.0011552, -87.66072742)
(41.9762144, -87.68916408)
(41.90230808, -87.66484779)
(41.79141878, -87.67544379)
(41.74422648, -87.6438555)
(41.80917425, -87.7003442)
(41.8109578, -87.70530064)
(41.91878069, -87.74434964)
(41.90164861, -87.76563612)
(41.94725226, -87.65350869)
(41.98606613, -87.72852058)
(41.75897082, -87.62477808)
(41.96822416, -87.72972266)
(41.8763964, -87.63073444)
(41.88168375, -87.62435303)
(41.96827726, -87.72470652)
(41.95845727, -87.65218736)
(41.82937186, -87.65093408)
(41.96844691, -87.70877543)
(41.79432792, -87.64365985)
(41.93991842, -87.65328888)
(41.81679288, -87.60806218)
(41.73834334, -87.56603651)
(41.77346674, -87.67133806)
(41.75012107, -87.55086016)
(41.91754799, -87.72167621)
(41.88640467, -87.70710359)
(41.9399189, -87.65336973)
(41.79927537, -87.58231243)
(41.78015035, -87.6982979)
(41.89973691, -87.7127954)
(41.9424581, -87.79586323)
(41.71171465, -87.64295414)
(41.76343502, -87.56529778)
(41.93991842, -87.65328888)
(41.88503081, -87.67538035)
(41.75592927, -87.60532474)
(41.89594193, -87.74679272)
(41.65686547, -87.54351492)
(41.88040186, -87.75285063)
(41.90416925, -87.62868513)
(41.86225943, -87.63908672)
(41.87519839, -87.71747939)
(41.79920435, -87.5840443)
(41.92402725, -87.66084729)
(41.87550838, -87.65697569)
(41.82539738, -87.70065405)
(41.92875556, -87.66981211)
(41.75821482, -87.62411934)
(41.76137598, -87.60911908)
(41.91573969, -87.73262036)
(41.85080094, -87.73231073)
(41.88508084, -87.71602204)
(41.94933554, -87.71524074)
(41.7960115, -87.70362761)
(41.82315783, -87.66476186)
(41.87802274, -87.7405233)
(41.90488887, -87.63147643)
(41.92621527, -87.64984054)
(41.87683815, -87.63432072)
(41.80156088, -87.62101556)
(41.99812119, -87.69355649)
(41.76395512, -87.56469045)
(41.67933649, -87.62750461)
(41.89412274, -87.62513737)
(41.74347153, -87.72755243)
(41.94608911, -87.66762538)
(41.92807654, -87.78560619)
(41.76409688, -87.56454947)
(41.89420566, -87.67028003)
(41.90071305, -87.73434808)
(41.80994204, -87.68937274)
(41.72707035, -87.59974897)
(41.77846947, -87.67753763)
(41.79500303, -87.71093894)
(41.93133624, -87.71473834)
(41.90953391, -87.63854165)
(41.88190883, -87.7044521)
(42.00861253, -87.66189989)
(41.84915102, -87.69704335)
(41.87672503, -87.6945227)
(41.68210181, -87.6167043)
(41.93387547, -87.70428365)
(41.92898494, -87.65505872)
(41.76434588, -87.57517637)
(41.94495301, -87.64941621)
(41.7862457, -87.65466966)
(41.89972579, -87.71889305)
(41.74238338, -87.54421927)
(41.80316011, -87.62267765)
(41.80800325, -87.71306892)
(41.87519839, -87.71747939)
(41.86726481, -87.71391723)
(41.92278653, -87.64504512)
(41.97460566, -87.66081929)
(41.89102304, -87.61914102)
(41.94366415, -87.6463534)
(41.94933263, -87.64847244)
(41.96763195, -87.66116843)
(41.81618072, -87.61677795)
(41.89155712, -87.63593787)
(41.87418063, -87.66785807)
(41.90087681, -87.63733884)
(41.88360858, -87.70715661)
(41.7789195, -87.664206)
(41.76102663, -87.68477462)
(41.75910761, -87.64182333)
(41.67565217, -87.63220461)
(41.98581512, -87.69681351)
(41.89478238, -87.63471275)
(41.89138456, -87.66837735)
(41.84559866, -87.70629055)
(41.75671962, -87.60749284)
(41.77763519, -87.61556106)
(41.89064634, -87.7186128)
(41.81020707, -87.68769744)
(41.92759984, -87.66218783)
(41.90263725, -87.77417166)
(41.87735292, -87.70286643)
(41.91629219, -87.71674277)
(41.8544296, -87.673455)
(41.77901282, -87.66420869)
(41.91881729, -87.64853428)
(41.99649367, -87.68617477)
(41.88375118, -87.72087861)
(41.85794281, -87.65703967)
(41.76385743, -87.67107396)
(41.93990164, -87.65462695)
(41.97629041, -87.90522722)
(41.81327948, -87.69435751)
(41.94135621, -87.68164926)
(41.73602754, -87.6467827)
(41.89124383, -87.62022568)
(41.89028756, -87.62801871)
(41.90437121, -87.66806261)
(41.77158831, -87.66400359)
(41.86823952, -87.6274424)
(41.72612328, -87.57476871)
(41.907754, -87.70694642)
(41.76571846, -87.61496079)
(42.00910764, -87.66680682)
(41.74247329, -87.57884879)
(41.89435109, -87.66083915)
(41.80137673, -87.5847195)
(41.76094196, -87.64064907)
(41.8071917, -87.60432284)
(41.72886603, -87.60463391)
(41.86760355, -87.70204072)
(41.75094076, -87.62518522)
(41.93843434, -87.77726986)
(41.93997806, -87.64946938)
(41.96938944, -87.70048881)
(41.89786794, -87.67100983)
(41.7335097, -87.56057648)
(41.93510709, -87.69770755)
(41.79233267, -87.72681389)
(41.9314474, -87.75284375)
(41.77313957, -87.68958335)
(41.87437287, -87.72426173)
(41.76960269, -87.66516062)
(41.80346878, -87.73937717)
(41.89811488, -87.61793803)
(41.74417577, -87.65842543)
(41.94415083, -87.78130765)
(41.94390002, -87.77994243)
(41.75472898, -87.56144347)
(41.92690178, -87.72195067)
(41.83095408, -87.63070323)
(41.87516766, -87.7334484)
(41.74586595, -87.65604051)
(41.93991842, -87.65328888)
(41.76587359, -87.57629471)
(41.98725791, -87.69078521)
(41.75179964, -87.72272093)
(41.7203847, -87.56687656)
(41.76789191, -87.66875974)
(41.87660796, -87.62764406)
(41.77542973, -87.64075349)
(41.7515006, -87.58534329)
(41.74882307, -87.59055977)
(41.66581486, -87.55885388)
(41.9460213, -87.65556555)
(41.89328992, -87.6704254)
(41.88630121, -87.75650641)
(41.93367451, -87.64669582)
(41.88247808, -87.72816913)
(41.9399189, -87.65336973)
(41.90478777, -87.69306751)
(41.68184294, -87.64118322)
(41.86366564, -87.72753524)
(41.85636494, -87.70538517)
(41.87868701, -87.67986285)
(41.8908932, -87.67263177)
(41.71975466, -87.63464112)
(41.7920021, -87.64388281)
(41.72236078, -87.62506687)
(41.88800287, -87.61889922)
(41.9578686, -87.73097484)
(41.77962486, -87.60165075)
(41.8817386, -87.75128153)
(41.9612132, -87.65231244)
(41.93707897, -87.78589302)
(41.77748421, -87.61555541)
(42.00540412, -87.66889484)
(41.87417034, -87.64241662)
(41.89473518, -87.69545249)
(41.89005157, -87.62891376)
(41.89721149, -87.62582317)
(41.88118745, -87.6847801)
(41.90316534, -87.62921044)
(41.9527551, -87.80547472)
(41.69235865, -87.62309675)
(41.76680404, -87.60561968)
(41.73777053, -87.69097727)
(41.7790564, -87.6974911)
(41.89688859, -87.62820319)
(41.88225713, -87.76384316)
(41.88588808, -87.62794224)
(41.98776386, -87.6968787)
(41.80861518, -87.66416482)
(41.89262841, -87.63115524)
(41.88975195, -87.63107289)
(41.74808925, -87.67547594)
(41.8165287, -87.62376247)
(41.9554364, -87.67965292)
(41.88711848, -87.65451386)
(41.89333516, -87.6514363)
(41.88917986, -87.63311011)
(41.90393322, -87.62912854)
(41.89001352, -87.631665)
(41.70810195, -87.62161972)
(41.88038163, -87.75427927)
(41.85284084, -87.6327101)
(41.77305442, -87.64461366)
(41.86710191, -87.72347532)
(41.97641993, -87.66841655)
(41.897414, -87.63469509)
(41.81245561, -87.61968068)
(41.87497392, -87.74533584)
(41.99931241, -87.6618873)
(41.92357695, -87.79802805)
(41.6907307, -87.62656726)
(41.86141167, -87.65010528)
(41.75291741, -87.56261959)
(41.87361099, -87.75743932)
(41.69737983, -87.61105685)
(41.94042619, -87.65655472)
(41.67355412, -87.61641112)
(41.88108401, -87.69521739)
(41.95045002, -87.76524007)
(41.99282724, -87.74157068)
(41.76515752, -87.62006946)
(41.73285728, -87.54572808)
(41.71618865, -87.61399625)
(41.68116563, -87.62639372)
(41.85393154, -87.72231575)
(41.85882177, -87.61688945)
(41.76296396, -87.59090985)
(41.7570196, -87.64784545)
(41.9246711, -87.63990976)
(41.71710969, -87.53528)
(41.77774497, -87.6155635)
(41.99636609, -87.68984012)
(41.887712, -87.61713965)
(41.94731799, -87.64978794)
(41.87488677, -87.75193486)
(41.92783153, -87.78314982)
(41.9484995, -87.69881335)
(41.93191377, -87.7772089)
(41.70809412, -87.62212886)
(41.8570681, -87.6576252)
(41.97440184, -87.66586329)
(41.90512068, -87.76575965)
(41.80716827, -87.74314297)
(41.82029447, -87.6128433)
(41.73659902, -87.57570797)
(41.86469386, -87.6515021)
(41.76318136, -87.65770948)
(41.90244097, -87.66504844)
(41.78887351, -87.7291603)
(41.90247699, -87.66510684)
(41.70954381, -87.6235705)
(41.88191075, -87.70430152)
(41.94101671, -87.71912532)
(41.90114193, -87.69279905)
(41.8660461, -87.73404032)
(41.91749912, -87.75897388)
(41.77997505, -87.63093738)
(41.73352268, -87.63867957)
(41.7814551, -87.7757207)
(41.90002373, -87.62305924)
(41.95954065, -87.71309056)
(41.65819767, -87.6370927)
(41.97556662, -87.64975073)
(42.00038947, -87.66070973)
(41.70439008, -87.62225757)
(41.86732052, -87.70447394)
(41.84374298, -87.72818563)
(41.74633803, -87.64634306)
(41.92387563, -87.772634)
(41.88010804, -87.64730998)
(41.86523975, -87.72008978)
(41.75722399, -87.56232617)
(41.89923286, -87.64185634)
(41.75948232, -87.61390879)
(41.84171925, -87.73056444)
(41.86616848, -87.72547404)
(41.88821503, -87.75290845)
(41.90585577, -87.7574178)
(41.96004983, -87.63769533)
(41.82201846, -87.70452118)
(41.90733832, -87.7102384)
(41.76680404, -87.60561968)
(41.86133518, -87.62569018)
(41.65654786, -87.60513133)
(41.91042819, -87.68057523)
(41.87504068, -87.7254781)
(41.90449588, -87.62869623)
(41.76680404, -87.60561968)
(41.96363343, -87.71077119)
(41.87955128, -87.6683605)
(41.70207107, -87.68148573)
(41.72281813, -87.6383956)
(41.7572008, -87.63284238)
(41.79231935, -87.61591798)
(41.93993543, -87.65245435)
(41.8845916, -87.68161316)
(41.7406554, -87.70297788)
(41.9054144, -87.69077998)
(42.00861253, -87.66189989)
(41.78578739, -87.66922397)
(41.92462785, -87.7149685)
(41.85519055, -87.6238712)
(41.77983488, -87.63948153)
(41.90362053, -87.74844897)
(41.91881729, -87.64853428)
(42.01603527, -87.6689277)
(41.89167877, -87.62755165)
(41.80242905, -87.65751372)
(41.93572152, -87.72708902)
(41.76279644, -87.64556274)
(41.77892337, -87.70624024)
(41.72696724, -87.57790559)
(41.75780626, -87.6066083)
(41.72177386, -87.57898476)
(41.97858575, -87.69512387)
(41.80182586, -87.59049442)
(41.85347704, -87.7261338)
(41.93104021, -87.73922783)
(41.77730987, -87.64080292)
(41.83668264, -87.73406848)
(41.72038831, -87.67598565)
(41.89537808, -87.75683611)
(41.7296067, -87.64830548)
(41.68184294, -87.64118322)
(41.79058776, -87.65060119)
(41.9693603, -87.65967937)
(41.71762055, -87.56884337)
(41.71540634, -87.64305015)
(41.89001352, -87.631665)
(41.87488025, -87.75227272)
(41.89454745, -87.74136588)
(41.9488457, -87.74850627)
(41.94080262, -87.68081319)
(41.89004647, -87.7563809)
(41.80573792, -87.67582916)
(41.7449081, -87.60748664)
(41.67356853, -87.6249322)
(42.00451775, -87.66182153)
(41.66294403, -87.64141128)
(41.75289209, -87.71557514)
(41.78773723, -87.69119007)
(41.7530537, -87.60843569)
(41.88613203, -87.76996744)
(41.95227432, -87.73539856)
(41.86759559, -87.69959933)
(41.88539325, -87.66354785)
(41.84429628, -87.63830472)
(41.89113572, -87.62804978)
(41.87008732, -87.70208237)
(41.89005303, -87.6287044)
(41.78638159, -87.69513801)
(41.97606674, -87.78719211)
(41.79736466, -87.58725999)
(41.75127648, -87.5492593)
(41.81392633, -87.73129465)
(41.75540737, -87.63441583)
(41.79477536, -87.67310646)
(41.81921332, -87.6067582)
(41.80049694, -87.68365059)
(41.75127045, -87.58582237)
(41.79089459, -87.60494023)
(41.96107825, -87.71732596)
(41.80203311, -87.62060689)
(41.94312232, -87.64936594)
(41.98072748, -87.65653269)
(41.87597105, -87.74125093)
(41.78849511, -87.6174457)
(41.72641862, -87.6275793)
(41.9662264, -87.6888345)
(41.89718611, -87.69798456)
(41.94231814, -87.64934513)
(41.8093468, -87.61887154)
(41.9010737, -87.63136393)
(41.98165718, -87.82370297)
(41.78849511, -87.6174457)
(41.77886851, -87.67389658)
(41.86657808, -87.62413446)
(41.94702459, -87.7481737)
(41.98216127, -87.66850026)
(41.87355906, -87.71626878)
(41.78992421, -87.65719405)
(41.7776537, -87.60282435)
(41.87780629, -87.73952653)
(41.89318177, -87.6345943)
(41.76779537, -87.71844904)
(41.85061067, -87.62703431)
(41.90470172, -87.76816951)
(41.76190581, -87.56643395)
(41.95788252, -87.75557456)
(41.7972536, -87.66224031)
(41.75298211, -87.57356932)
(41.67158969, -87.63929826)
(41.9910688, -87.69211527)
(41.7422407, -87.54542288)
(41.94445134, -87.67199087)
(41.76920138, -87.6505824)
(41.91021553, -87.67744731)
(41.8934295, -87.63562)
(41.75654307, -87.56268617)
(41.7651227, -87.57812163)
(41.9660594, -87.73715599)
(41.79895862, -87.79420336)
(41.72990686, -87.65681632)
(41.90727927, -87.66273134)
(41.92349768, -87.72429448)
(41.755709, -87.61260955)
(41.69212213, -87.66134608)
(41.97779052, -87.903496)
(41.9190813, -87.76756865)
(41.9021661, -87.63139605)
(41.83074665, -87.69482595)
(41.74959128, -87.55285649)
(41.7427725, -87.57344785)
(41.9317742, -87.7881618)
(41.72626951, -87.60457167)
(41.88365232, -87.63978794)
(41.69347316, -87.6249262)
(41.69355481, -87.6867234)
(41.71964991, -87.57650415)
(41.86992473, -87.6959966)
(41.88924396, -87.62878307)
(41.88294539, -87.76985221)
(41.8550171, -87.66873584)
(41.75563372, -87.64417322)
(41.96917366, -87.72194376)
(41.81101668, -87.61381296)
(41.94020694, -87.81415695)
(41.80948264, -87.70402756)
(41.74849164, -87.66672814)
(41.96196859, -87.71806377)
(41.76694679, -87.57632241)
(41.91046799, -87.67840727)
(41.89317941, -87.63465676)
(41.67743729, -87.63467074)
(41.87989182, -87.62614278)
(41.83046966, -87.66825964)
(41.91868979, -87.7089669)
(41.80317932, -87.62267743)
(41.89592437, -87.74926849)
(41.76610562, -87.67356543)
(41.85406769, -87.67160507)
(41.88705768, -87.64751474)
(41.88480954, -87.76334309)
(41.74487094, -87.60378605)
(41.7201881, -87.57530005)
(41.67170046, -87.63810018)
(41.77347891, -87.66161569)
(41.89082499, -87.63018336)
(41.89140473, -87.62806151)
(41.8166025, -87.61884592)
(41.92171514, -87.66860634)
(41.69243861, -87.60517702)
(41.89654309, -87.6376981)
(41.87929253, -87.69235266)
(41.99347652, -87.65691632)
(41.80252084, -87.64386541)
(41.90335438, -87.66686461)
(41.75350644, -87.66594695)
(41.99925831, -87.67052233)
(41.87916204, -87.75350814)
(41.8837547, -87.65092124)
(41.71761122, -87.60069168)
(41.93932749, -87.70816652)
(41.80591168, -87.60500123)
(41.80299185, -87.68080861)
(41.88773966, -87.76374673)
(41.77352879, -87.65191126)
(41.65825469, -87.61513901)
(41.81467975, -87.62654514)
(41.73034152, -87.63859661)
(41.74864433, -87.60637816)
(41.81247191, -87.60826133)
(41.74597792, -87.71330351)
(41.89157962, -87.6346742)
(41.84558589, -87.73108234)
(41.73454471, -87.55413415)
(41.94593982, -87.72738554)
(41.8068894, -87.65673327)
(41.96155686, -87.75390888)
(41.86221827, -87.63908716)
(41.86780665, -87.70204606)
(41.89568683, -87.69238709)
(41.89932459, -87.6926813)
(41.83079271, -87.64301172)
(41.90961883, -87.67627781)
(41.9633642, -87.73708184)
(41.94219958, -87.68812452)
(41.7432901, -87.58921646)
(41.90224314, -87.75608377)
(41.76797591, -87.63842898)
(41.95927854, -87.71588367)
(41.78436929, -87.70697183)
(41.92578701, -87.67853724)
(41.89421991, -87.61955717)
(41.88661938, -87.7603119)
(41.7936844, -87.69419646)
(41.88817016, -87.62954775)
(41.97629041, -87.90522722)
(41.85286172, -87.62448422)
(41.73826419, -87.55873879)
(41.7693292, -87.72252173)
(41.90936333, -87.76688298)
(41.90750111, -87.67738325)
(41.97590257, -87.78787019)
(41.94031519, -87.66383347)
(41.97709993, -87.91040364)
(41.83234683, -87.61936069)
(41.9994663, -87.69511761)
(41.87867208, -87.68061577)
(41.73787795, -87.73003422)
(41.75121642, -87.66951813)
(41.66609064, -87.63351612)
(41.72523374, -87.59365224)
(41.96594149, -87.76865447)
(41.88770448, -87.63102921)
(41.90839049, -87.63462318)
(41.89082499, -87.63018336)
(41.80074573, -87.6039448)
(41.76345428, -87.56530489)
(41.80182679, -87.63077213)
(41.96704611, -87.74650865)
(41.93930054, -87.71179449)
(41.80770562, -87.71131484)
(41.86133518, -87.62569018)
(41.75435036, -87.61257711)
(41.88360569, -87.70763403)
(41.87137914, -87.71557378)
(41.91374436, -87.64231329)
(41.72623079, -87.63727814)
(41.76262284, -87.6649728)
(41.85179027, -87.7033818)
(41.98367081, -87.65726287)
(41.91000536, -87.71575991)
(41.80265212, -87.66846303)
(41.87480643, -87.75832451)
(41.97660303, -87.79149404)
(41.94310859, -87.64936609)
(41.71310098, -87.65547627)
(41.98218298, -87.69062292)
(41.80787519, -87.69175194)
(41.72935867, -87.55262153)
(41.87311991, -87.7455511)
(41.77281236, -87.57647707)
(41.96107808, -87.71729287)
(41.90486686, -87.76437698)
(41.77097503, -87.58801677)
(41.93938546, -87.6992198)
(41.96908775, -87.68770617)
(41.75335608, -87.58160925)
(42.00845413, -87.67005525)
(41.68551919, -87.65433075)
(41.90002373, -87.62305924)
(41.8830694, -87.76328511)
(41.824725, -87.61919956)
(41.69256976, -87.62439788)
(41.69827962, -87.68997895)
(41.89005157, -87.62891376)
(41.69543316, -87.68208002)
(41.90806182, -87.65208414)
(41.89385943, -87.62028107)
(41.90347807, -87.6314331)
(41.90444589, -87.72819683)
(41.878639, -87.62769149)
(41.83688873, -87.64868182)
(41.71750376, -87.56985203)
(41.9281651, -87.63502848)
(41.74813368, -87.7306015)
(41.92408546, -87.75791532)
(41.80954384, -87.60566802)
(41.92856146, -87.76455602)
(41.74871816, -87.73637144)
(41.70898596, -87.6089383)
(41.67525644, -87.60087573)
(41.74675807, -87.60753543)
(42.00172164, -87.67083156)
(41.81094655, -87.69184234)
(41.74742873, -87.70354559)
(41.89332277, -87.6685115)
(41.81097971, -87.5992949)
(41.77267163, -87.63259342)
(41.89005157, -87.62891376)
(41.75817287, -87.62845198)
(41.70837016, -87.62594559)
(41.88993496, -87.63769635)
(41.76428183, -87.62847676)
(41.79219648, -87.73538513)
(41.90856054, -87.67740914)
(41.94312232, -87.64936594)
(41.7644252, -87.62813796)
(41.75591612, -87.61019567)
(41.84416531, -87.73073967)
(41.90393347, -87.62916894)
(41.70644011, -87.64525183)
(41.75125678, -87.60679212)
(41.79226235, -87.78603788)
(41.8114666, -87.66749152)
(41.90121922, -87.62068406)
(41.76695493, -87.71372473)
(41.77671997, -87.69089304)
(41.8768879, -87.69617711)
(41.94560554, -87.72800257)
(41.77238555, -87.59012668)
(41.92146424, -87.67363561)
(41.78922488, -87.6912339)
(41.80929706, -87.59196703)
(41.78701723, -87.6455056)
(41.98360013, -87.79897103)
(41.7933137, -87.66333388)
(41.76103411, -87.64915888)
(41.67749962, -87.65655282)
(41.79717739, -87.77463825)
(41.69289358, -87.6618653)
(41.87001571, -87.7259516)
(41.90316534, -87.62921044)
(41.89367653, -87.63562833)
(41.81417387, -87.64080946)
(41.8810708, -87.69679287)
(41.88322302, -87.7373281)
(41.81123448, -87.71126236)
(41.77922615, -87.680298)
(41.6763027, -87.61577298)
(41.88477218, -87.74665987)
(41.87693351, -87.72069769)
(41.89857923, -87.75656122)
(41.77340533, -87.62514347)
(41.78923412, -87.69733553)
(41.88655632, -87.69428155)
(41.92171514, -87.66860634)
(42.01573996, -87.81024957)
(41.89111941, -87.76240921)
(41.91046799, -87.67840727)
(41.67948321, -87.61662353)
(41.98192568, -87.71370089)
(41.89003202, -87.63020308)
(41.73242905, -87.5855536)
(41.80342933, -87.64388868)
(41.90050559, -87.69928504)
(41.80585698, -87.63328092)
(41.74625997, -87.66333229)
(41.77980915, -87.70864408)
(41.92158803, -87.74008348)
(41.95471994, -87.65455063)
(41.75192833, -87.64407726)
(41.78123963, -87.6144356)
(41.77722437, -87.75810815)
(41.88816828, -87.75779705)
(41.99216986, -87.67334373)
(41.68637713, -87.63131935)
(41.79591765, -87.72078408)
(41.77856961, -87.73038258)
(41.78304979, -87.64609798)
(42.00448011, -87.66430541)
(41.79427017, -87.72319078)
(41.75069219, -87.64068231)
(41.93990585, -87.65441005)
(41.84416535, -87.73074701)
(41.75040928, -87.59909851)
(41.76513969, -87.58364903)
(41.88250113, -87.73308236)
(41.95397037, -87.69911201)
(41.95379459, -87.71722699)
(41.90992481, -87.63467257)
(41.87092438, -87.68001168)
(41.85236402, -87.66458627)
(41.87613882, -87.72868058)
(41.98222786, -87.69522359)
(41.75119045, -87.56866139)
(41.91609638, -87.70042405)
(41.9433432, -87.75059659)
(41.84857495, -87.67564761)
(41.9623716, -87.7659394)
(41.87827876, -87.67901144)
(41.68073342, -87.61951628)
(41.91067631, -87.64918707)
(41.91883895, -87.65217528)
(41.7216272, -87.62448518)
(41.85937946, -87.66619446)
(41.88945317, -87.62799483)
(41.89005157, -87.62891376)
(41.85615493, -87.71269197)
(41.90944471, -87.76005638)
(41.76473728, -87.62489058)
(41.84207599, -87.63420376)
(41.66813479, -87.63797384)
(41.88354545, -87.76023654)
(41.97676298, -87.90098372)
(41.93239893, -87.66869755)
(41.74394236, -87.54425148)
(41.7362535, -87.66793189)
(41.7781821, -87.59918509)
(41.87808715, -87.74130484)
(41.78965702, -87.64868593)
(41.86345487, -87.65266433)
(41.72614113, -87.63969689)
(41.93743847, -87.71405823)
(41.89848705, -87.69801574)
(41.74784655, -87.71072035)
(41.94621213, -87.64657968)
(41.92296918, -87.64530037)
(41.90109222, -87.62990543)
(41.84057275, -87.69511727)
(41.92278653, -87.64504512)
(41.7282738, -87.64339966)
(41.89326163, -87.62880136)
(41.72789922, -87.66405064)
(41.73791919, -87.57573276)
(41.9892934, -87.70553704)
(41.86221827, -87.63908716)
(41.87153053, -87.74492681)
(41.88189273, -87.73851556)
(41.7812993, -87.61082348)
(41.90335438, -87.66686461)
(41.75938676, -87.66913706)
(41.90392938, -87.62939674)
(41.8905751, -87.64877725)
(41.76543052, -87.63007702)
(41.89866129, -87.69184311)
(41.8716017, -87.69603869)
(41.76013369, -87.69290579)
(41.77937648, -87.66965676)
(41.8783464, -87.70941117)
(41.79322706, -87.67063237)
(41.67488522, -87.65764904)
(41.75356036, -87.71890743)
(41.93419698, -87.75227489)
(41.79312144, -87.73225581)
(41.82815054, -87.67154916)
(41.8609112, -87.69574471)
(41.76304718, -87.74186872)
(41.87794417, -87.64753508)
(41.92835393, -87.70877713)
(41.84790829, -87.64431786)
(41.94670237, -87.65611708)
(41.68478979, -87.6633151)
(41.75121569, -87.63739309)
(41.87387501, -87.68738753)
(41.72912679, -87.60464196)
(41.78024349, -87.61531932)
(41.89364666, -87.63117714)
(41.72761867, -87.58266769)
(41.90635405, -87.67117192)
(41.85660295, -87.65553043)
(41.87488025, -87.75227272)
(41.87496245, -87.68410868)
(41.91626623, -87.72163701)
(41.86852454, -87.68364146)
(41.89702714, -87.62574439)
(41.79125739, -87.68762727)
(41.77293404, -87.70299921)
(41.91072397, -87.66097225)
(41.90528152, -87.73264126)
(41.78215731, -87.6886022)
(41.89668507, -87.62768386)
(41.74777401, -87.65245486)
(41.91797019, -87.7615343)
(41.91117014, -87.63188155)
(41.88291721, -87.66107291)
(41.76559446, -87.62105065)
(41.90942226, -87.6759749)
(41.91922285, -87.68921583)
(41.89790055, -87.71883341)
(41.72194854, -87.61086603)
(41.89260531, -87.61983959)
(41.67919373, -87.62392972)
(41.67919373, -87.62392972)
(41.7519703, -87.6465029)
(41.95273972, -87.72629546)
(42.01421431, -87.68496849)
(41.93789977, -87.74811746)
(41.93444614, -87.75162211)
(41.85578865, -87.66126165)
(41.93993044, -87.73269476)
(41.74572549, -87.5722221)
(41.78262338, -87.78755714)
(41.9448981, -87.64941312)
(41.71772777, -87.5688714)
(41.75259619, -87.55405513)
(41.70698746, -87.62024403)
(41.92693986, -87.71217172)
(41.75643063, -87.56147072)
(41.89941971, -87.76441064)
(41.81414816, -87.62134198)
(41.95019746, -87.64899989)
(42.01849825, -87.67298323)
(41.85250586, -87.65554432)
(41.85841316, -87.72494547)
(41.98364701, -87.65881525)
(41.93354325, -87.76754009)
(41.71131987, -87.60263098)
(41.79054295, -87.71949681)
(41.77045352, -87.60815551)
(41.88010804, -87.64730998)
(41.86415336, -87.62122432)
(41.77020837, -87.62829091)
(41.92415876, -87.6994)
(41.90555825, -87.70788627)
(41.77851213, -87.69337556)
(41.98196644, -87.75354734)
(41.72750221, -87.55810244)
(41.91931817, -87.76885993)
(41.75370262, -87.65260843)
(41.77516043, -87.58807097)
(41.65425244, -87.60755398)
(41.73870907, -87.65098609)
(41.77848137, -87.67147713)
(41.76645768, -87.64929921)
(41.95247537, -87.71532437)
(41.94560368, -87.72817168)
(41.74359249, -87.62846857)
(41.75660553, -87.56998616)
(41.78312602, -87.73633105)
(41.81290895, -87.68455596)
(41.90223031, -87.75735487)
(41.92285728, -87.69728532)
(41.87799992, -87.64309875)
(41.73641598, -87.62043886)
(41.801311, -87.61614044)
(41.75882161, -87.70880368)
(41.85156074, -87.72390927)
(41.89020634, -87.63403176)
(41.74488794, -87.66382293)
(41.7286032, -87.65633177)
(41.88953875, -87.74877576)
(41.64971317, -87.53865903)
(41.91575419, -87.68824767)
(41.72549726, -87.56933612)
(41.74921183, -87.55194127)
(41.75066354, -87.60152898)
(41.91795584, -87.66723444)
(41.67383235, -87.63215115)
(41.86821682, -87.6304532)
(41.79115642, -87.70104955)
(41.69860015, -87.65318619)
(41.71740513, -87.63097446)
(41.8915608, -87.65860234)
(41.78303124, -87.79081325)
(41.885729, -87.62572585)
(41.92405247, -87.79525708)
(41.87268187, -87.74254435)
(41.94969119, -87.75342818)
(41.75455047, -87.58338379)
(41.8441627, -87.69519904)
(41.88042013, -87.65133127)
(41.87853198, -87.72559557)
(41.87781962, -87.72064516)
(41.94002654, -87.6451832)
(41.88393885, -87.68313278)
(41.89105171, -87.63405559)
(41.81668394, -87.74338578)
(41.8767202, -87.70108811)
(41.95924089, -87.78065535)
(41.83106904, -87.62085361)
(41.93384544, -87.78456821)
(41.92171514, -87.66860634)
(41.9317579, -87.77112435)
(41.89436887, -87.63711567)
(41.88577258, -87.68226586)
(41.88577988, -87.70626137)
(41.93704755, -87.74353105)
(41.89082499, -87.63018336)
(41.87402924, -87.67731805)
(41.89132736, -87.75135241)
(41.65509876, -87.60511838)
(41.90684863, -87.63153945)
(41.98034976, -87.83658221)
(41.74247173, -87.57902835)
(41.78880022, -87.64812669)
(41.6660678, -87.6351743)
(41.76186678, -87.59696297)
(41.93990164, -87.65462695)
(41.90704446, -87.72400271)
(41.90915526, -87.7277262)
(41.94000328, -87.64771588)
(41.77791241, -87.61556897)
(41.88513481, -87.67246341)
(41.7515264, -87.64891537)
(41.87924173, -87.69753075)
(41.7217594, -87.56110923)
(41.77598287, -87.61552082)
(41.77618368, -87.60340196)
(41.9357678, -87.75412768)
(41.94147668, -87.70523444)
(41.89542064, -87.72053941)
(41.66427838, -87.63380291)
(41.73821726, -87.5635978)
(41.68233493, -87.62065173)
(41.86949567, -87.65139601)
(41.85140884, -87.68562423)
(41.95286717, -87.78950406)
(41.89596885, -87.69424281)
(41.92465614, -87.71258338)
(41.74818464, -87.65367449)
(41.87978301, -87.77301228)
(41.88108866, -87.72076449)
(41.7789191, -87.70646393)
(41.99328417, -87.67337268)
(41.7763475, -87.59297721)
(41.96905784, -87.7280527)
(41.77115409, -87.61176583)
(41.89038912, -87.62802126)
(41.99302054, -87.70312773)
(41.91065261, -87.66614577)
(41.98130704, -87.69742481)
(41.90316534, -87.62921044)
(41.67784878, -87.63871854)
(41.86657808, -87.62413446)
(41.78215462, -87.78998101)
(41.92406075, -87.6572054)
(41.85354693, -87.68567974)
(41.6642845, -87.62941109)
(41.9408393, -87.7327965)
(41.93803522, -87.71735298)
(41.80711231, -87.61261689)
(41.88440654, -87.66375646)
(41.678892, -87.63832661)
(41.71725362, -87.61402467)
(41.89668883, -87.65610946)
(41.93947561, -87.68635834)
(41.94650895, -87.71727509)
(41.82812929, -87.66550634)
(41.88465026, -87.62791546)
(41.88555757, -87.65368206)
(41.79536885, -87.66705307)
(41.75782131, -87.61511117)
(41.74855322, -87.62697046)
(41.77526523, -87.70674514)
(41.77867124, -87.64083594)
(41.73679423, -87.55280261)
(41.91046799, -87.67840727)
(41.94900634, -87.68832056)
(41.75338698, -87.65260077)
(41.89005157, -87.62891376)
(41.91765602, -87.68875026)
(41.77455706, -87.60093115)
(41.78103764, -87.64967957)
(41.87879855, -87.73139851)
(41.89104453, -87.77058904)
(41.91158971, -87.68603383)
(41.80706218, -87.61953147)
(41.89005157, -87.62891376)
(41.89336913, -87.63562066)
(41.89257063, -87.68430502)
(41.90079451, -87.66742385)
(41.94202444, -87.64933356)
(41.85375181, -87.63856207)
(41.68206501, -87.66149466)
(41.84369082, -87.73183778)
(41.89194817, -87.62807389)
(41.7313694, -87.59100267)
(41.80750651, -87.68571452)
(41.79418629, -87.70357946)
(41.66685305, -87.62225354)
(41.89317959, -87.63468615)
(41.88474377, -87.76502194)
(41.89488209, -87.62768167)
(41.7545741, -87.58448299)
(41.94960023, -87.65844277)
(41.73532604, -87.64237892)
(41.94730599, -87.68948828)
(41.8382278, -87.63228237)
(41.94424344, -87.65423905)
(41.74858467, -87.60389425)
(41.73476073, -87.54998413)
(41.73676331, -87.59675518)
(41.88826749, -87.62707505)
(41.94560554, -87.72800257)
(41.77929591, -87.64477419)
(41.75665021, -87.56147542)
(41.73602754, -87.6467827)
(41.71721703, -87.53769977)
(41.87289758, -87.69466362)
(41.90393147, -87.62929019)
(41.88099244, -87.70448679)
(41.77061225, -87.64740749)
(41.89385317, -87.69327957)
(41.94502313, -87.65476009)
(41.99456758, -87.65905678)
(41.99507968, -87.67017942)
(41.72412874, -87.55111334)
(41.71621018, -87.57094052)
(41.80522178, -87.72718016)
(41.99662544, -87.6910699)
(41.79433222, -87.64346178)
(41.90268117, -87.72556498)
(41.88361118, -87.70713087)
(41.98568677, -87.79919634)
(41.89346903, -87.63264823)
(41.6558487, -87.59576404)
(41.82888855, -87.69478571)
(41.77434973, -87.60457756)
(41.71207388, -87.66566518)
(41.69338844, -87.63756278)
(41.96543942, -87.65419049)
(41.84085918, -87.62684797)
(41.69991504, -87.62019767)
(41.93990585, -87.65441005)
(41.75567471, -87.67503198)
(41.94419545, -87.64939123)
(41.70640079, -87.67940582)
(41.86816541, -87.62743954)
(41.74445154, -87.64386042)
(41.92191023, -87.67292919)
(41.98923995, -87.78166865)
(41.86982616, -87.72384228)
(41.88901706, -87.71978897)
(41.86681074, -87.62581703)
(41.96753484, -87.78313559)
(41.91705508, -87.73542247)
(41.92820201, -87.64203601)
(41.92727374, -87.65852013)
(42.00686296, -87.67346784)
(41.95784476, -87.6761025)
(41.89545729, -87.71661999)
(41.86618454, -87.72436148)
(41.76590397, -87.5725848)
(41.70162154, -87.62946909)
(41.91724509, -87.63535697)
(41.97388512, -87.65774883)
(41.93634572, -87.72784757)
(41.91910179, -87.73638441)
(41.88975195, -87.63107289)
(41.77891882, -87.7064126)
(41.9948085, -87.68857195)
(41.90393322, -87.62912854)
(41.95317701, -87.76730766)
(41.91162796, -87.77036052)
(41.99580066, -87.66531969)
(41.88008977, -87.75354381)
(41.79747374, -87.58546539)
(41.75080865, -87.70485384)
(41.73966937, -87.60490751)
(41.71670909, -87.67951377)
(41.89644231, -87.65572273)
(41.68329734, -87.62406403)
(41.90316534, -87.62921044)
(41.77757514, -87.63747113)
(41.74931588, -87.56862867)
(41.85054842, -87.73230208)
(41.99992886, -87.66878993)
(41.90772379, -87.68227431)
(41.72881361, -87.55723309)
(41.9090926, -87.71493844)
(41.95879253, -87.75590827)
(41.86684367, -87.62581667)
(41.9083197, -87.670832)
(41.95360929, -87.65282352)
(41.86716338, -87.7185331)
(41.90316534, -87.62921044)
(41.96929886, -87.72072173)
(41.88492126, -87.70131574)
(41.87691429, -87.62792343)
(41.96695354, -87.69619603)
(41.77998456, -87.630248)
(41.88806268, -87.65454426)
(41.86630371, -87.71431199)
(41.89296841, -87.63561033)
(41.77198405, -87.68128061)
(41.81532692, -87.62735975)
(41.74415296, -87.64992442)
(41.69991912, -87.61997059)
(41.97418428, -87.6577567)
(41.97066919, -87.7558525)
(41.88304947, -87.68260565)
(41.88625035, -87.75895272)
(41.84752929, -87.71976347)
(41.88218519, -87.72571151)
(41.89484789, -87.68568135)
(41.74493809, -87.66019467)
(41.88570775, -87.76572952)
(41.85497692, -87.72850187)
(41.89318186, -87.63460899)
(41.66665895, -87.63671607)
(41.75542914, -87.65871803)
(41.89318177, -87.6345943)
(41.84724938, -87.70755534)
(41.86315933, -87.62245416)
(41.87183587, -87.70919545)
(41.9400333, -87.70274557)
(41.67791224, -87.63289755)
(41.7373689, -87.64851978)
(41.82047156, -87.69079343)
(41.88577258, -87.68226586)
(41.78015549, -87.58645126)
(41.85350291, -87.68323191)
(41.78463945, -87.64164438)
(41.90651157, -87.63883892)
(41.91116274, -87.63381776)
(41.96772896, -87.65480232)
(41.91247871, -87.63316045)
(41.90705359, -87.64089028)
(41.75384342, -87.55222959)
(41.8718119, -87.62734067)
(41.89005955, -87.65022244)
(41.91051673, -87.67541259)
(41.92415876, -87.6994)
(41.91806295, -87.68742343)
(41.78211979, -87.66428272)
(41.85837659, -87.70390083)
(41.99192274, -87.67762807)
(41.80930523, -87.60655839)
(41.87515512, -87.66790671)
(41.65533353, -87.60232736)
(41.94089216, -87.65413862)
(41.95922318, -87.78554911)
(41.87449734, -87.71418153)
(41.79307586, -87.66821363)
(41.90832847, -87.67426315)
(41.96596163, -87.65479165)
(41.86281384, -87.71855274)
(41.93631675, -87.75414844)
(41.83280098, -87.61123531)
(41.87488025, -87.75227272)
(41.89113572, -87.62804978)
(41.94748541, -87.65674105)
(41.75377084, -87.64654967)
(41.79940735, -87.60105534)
(41.82634032, -87.67029465)
(41.93788364, -87.81926992)
(41.74887767, -87.59905367)
(41.74287647, -87.59145643)
(41.78098112, -87.79957499)
(41.78345163, -87.70326286)
(41.89265923, -87.71989368)
(41.77907344, -87.61560001)
(41.873185, -87.74379543)
(41.76012334, -87.56212287)
(42.01255659, -87.67912356)
(41.92403984, -87.76141764)
(41.74330654, -87.5845663)
(41.91072397, -87.66097225)
(41.94219863, -87.65417621)
(41.91609638, -87.70042405)
(41.88010804, -87.64730998)
(41.85998978, -87.71036422)
(41.76361949, -87.56538722)
(42.018327, -87.68774194)
(41.97601974, -87.75300183)
(41.73753026, -87.72395164)
(41.75826936, -87.56393365)
(41.90963629, -87.74530073)
(41.93947561, -87.68635834)
(41.80940988, -87.67107083)
(41.93947561, -87.68635834)
(41.86654984, -87.77293694)
(41.89536137, -87.72643142)
(41.77306478, -87.69932828)
(41.77185028, -87.67371186)
(41.93534367, -87.6546569)
(41.92741817, -87.66822376)
(41.80615928, -87.71616038)
(41.8618358, -87.71528386)
(41.92393809, -87.70719602)
(41.74281112, -87.68304521)
(41.88203258, -87.65670124)
(41.74707343, -87.56981326)
(41.93543292, -87.66850434)
(41.86699623, -87.62741936)
(41.80411598, -87.58647747)
(41.89542064, -87.72053941)
(41.75595759, -87.60286887)
(41.65143133, -87.52725823)
(41.88183053, -87.74401709)
(41.67525644, -87.60087573)
(41.93633363, -87.6508351)
(41.89178727, -87.63407328)
(41.89005498, -87.62857584)
(41.7547395, -87.56629204)
(41.86287271, -87.63028045)
(41.78333323, -87.6205537)
(41.96471894, -87.78135075)
(41.72598076, -87.58610461)
(41.90393322, -87.62912854)
(41.99078829, -87.7139975)
(41.75510485, -87.6429328)
(41.77581835, -87.71309317)
(41.86162659, -87.65534522)
(41.801363, -87.66150793)
(41.93994124, -87.65204631)
(41.93541568, -87.66270863)
(41.91041416, -87.75691392)
(41.79168739, -87.65602407)
(41.75455291, -87.5943492)
(41.65182203, -87.61647285)
(41.83828637, -87.70851972)
(41.8250356, -87.60572377)
(41.88049, -87.71099137)
(41.88776415, -87.75874819)
(41.92733843, -87.70272729)
(41.89503267, -87.63120604)
(41.95288374, -87.65449659)
(41.89108456, -87.67202747)
(41.94310859, -87.64936609)
(41.78164568, -87.59623074)
(41.90768812, -87.70694339)
(41.80912527, -87.63190651)
(41.87105893, -87.69663888)
(42.00666363, -87.68084334)
(41.94591099, -87.65547482)
(41.89678615, -87.63569365)
(41.94007826, -87.64237086)
(41.9399189, -87.65336973)
(41.78547317, -87.73965696)
(41.68739697, -87.7031063)
(41.69963358, -87.7121084)
(41.82625331, -87.64477758)
(41.79879026, -87.68905898)
(41.79413841, -87.72318469)
(41.7619286, -87.56286731)
(41.96894481, -87.7084911)
(41.89376985, -87.63563099)
(41.81721895, -87.70306038)
(41.76808804, -87.64934054)
(41.85395696, -87.67958241)
(41.91106607, -87.70189553)
(41.73876226, -87.6497764)
(41.96133607, -87.64989918)
(41.77526263, -87.70677083)
(41.93671146, -87.7694931)
(41.8654647, -87.70685642)
(41.91055505, -87.7067978)
(41.65911587, -87.61417431)
(41.9548339, -87.64970763)
(41.91082944, -87.72880518)
(41.91518113, -87.73972397)
(41.75932166, -87.61148423)
(41.95022147, -87.78483214)
(41.9332868, -87.80292302)
(41.67957066, -87.64713785)
(41.81447184, -87.74334372)
(41.67525644, -87.60087573)
(41.873185, -87.74379543)
(41.75194216, -87.61497516)
(41.79688323, -87.59259054)
(41.89008124, -87.62704405)
(41.67911266, -87.616613)
(41.93802462, -87.69778517)
(41.85371832, -87.670981)
(41.85406784, -87.67163076)
(41.97816551, -87.65858624)
(41.74588591, -87.55885605)
(41.7389547, -87.65585665)
(41.74289332, -87.72304349)
(41.89399011, -87.70215558)
(41.72641743, -87.63728346)
(41.68255981, -87.64815309)
(41.76918549, -87.62573242)
(41.90347807, -87.6314331)
(41.93020504, -87.70653572)
(41.72602768, -87.63727301)
(41.92736806, -87.70462687)
(41.7032268, -87.60999535)
(41.8297527, -87.66671865)
(41.85279032, -87.6971174)
(41.74843933, -87.63482489)
(41.91913414, -87.7523197)
(41.6925275, -87.69638514)
(41.89558875, -87.63464152)
(41.94202444, -87.64933356)
(41.87136255, -87.63058763)
(41.89317941, -87.63465676)
(41.98105183, -87.83965884)
(41.89558875, -87.63464152)
(41.9999306, -87.668617)
(41.89558875, -87.63464152)
(41.99701168, -87.65702603)
(41.94312232, -87.64936594)
(41.98227034, -87.80694126)
(41.90276547, -87.65766155)
(41.8804876, -87.74596464)
(41.91131235, -87.70027292)
(41.88357429, -87.7367997)
(41.94316633, -87.68242846)
(41.69998641, -87.61535229)
(41.87097622, -87.70403791)
(41.96136894, -87.74877783)
(41.75126489, -87.56501044)
(41.88817016, -87.62954775)
(41.75362723, -87.64045652)
(41.96335228, -87.73321388)
(41.78048286, -87.69343296)
(41.84865187, -87.64201595)
(41.71197084, -87.60748374)
(41.9241038, -87.64688664)
(41.90191984, -87.66745624)
(41.79992753, -87.6976369)
(41.75103135, -87.55073916)
(41.86681074, -87.62581703)
(41.88922482, -87.63013848)
(41.77945132, -87.6645781)
(41.91091155, -87.69578375)
(41.92908039, -87.64940572)
(41.75065771, -87.61495649)
(41.93597088, -87.67471)
(41.90987624, -87.72706177)
(41.98581374, -87.67467835)
(41.82681709, -87.61803157)
(41.76783464, -87.66268264)
(41.87884043, -87.63958293)
(41.94041061, -87.68427588)
(41.91127117, -87.70026966)
(41.88038608, -87.75407359)
(41.76836371, -87.64449521)
(41.75177145, -87.56320134)
(41.88764063, -87.61934028)
(41.88773445, -87.67308666)
(41.7554613, -87.55812156)
(41.84862631, -87.67551128)
(41.88936929, -87.63402252)
(41.90316777, -87.62915899)
(41.90455883, -87.71692547)
(41.65449445, -87.60589729)
(41.89083129, -87.63031551)
(41.88539325, -87.66354785)
(41.93480975, -87.65393119)
(41.86665824, -87.72519772)
(41.70427789, -87.6039192)
(41.90712726, -87.67823202)
(41.96720659, -87.70476481)
(41.88572138, -87.67186611)
(41.73447383, -87.58559583)
(41.93953877, -87.64438351)
(41.80861475, -87.66409147)
(41.85182869, -87.7008855)
(41.75850614, -87.68797035)
(41.8918998, -87.63407572)
(41.69569634, -87.62319184)
(41.90426257, -87.62868777)
(41.88449719, -87.62578351)
(41.9762144, -87.68916408)
(41.88998028, -87.71467108)
(41.94225018, -87.64303476)
(41.72979955, -87.65073601)
(41.76302702, -87.58624307)
(41.87527595, -87.64281963)
(41.86442366, -87.71886773)
(41.90946824, -87.62955999)
(41.92367012, -87.78635307)
(41.78646463, -87.6522473)
(41.66811558, -87.63797405)
(41.87270906, -87.62418786)
(41.93736086, -87.65888057)
(41.74760956, -87.54917933)
(41.80782026, -87.7276325)
(41.89732857, -87.65709811)
(41.90064349, -87.73891828)
(41.90292866, -87.76811167)
(41.73392876, -87.63188993)
(41.72919115, -87.57431132)
(41.88654232, -87.66482855)
(41.92417749, -87.70230276)
(41.91054689, -87.67349454)
(41.81020523, -87.68785885)
(41.89001352, -87.631665)
(41.94238402, -87.6493481)
(41.87218425, -87.6690537)
(41.81469996, -87.70913787)
(41.81487603, -87.73132977)
(41.87922341, -87.74937286)
(41.91798038, -87.6972125)
(41.93554343, -87.80251841)
(41.92331332, -87.69737633)
(41.88352734, -87.72575021)
(41.8591033, -87.7038056)
(41.73786544, -87.63798058)
(41.85496367, -87.62713324)
(41.70394105, -87.56445719)
(41.78387115, -87.70570437)
(41.86204809, -87.72627298)
(41.7448526, -87.60869285)
(41.88033426, -87.75795915)
(41.90252292, -87.63140683)
(41.87271132, -87.7117314)
(41.75643063, -87.56147072)
(41.87283665, -87.72540352)
(41.73693038, -87.58439122)
(41.78958635, -87.67175161)
(41.96885777, -87.67141489)
(41.87489589, -87.66911007)
(41.90915204, -87.65267504)
(41.8342823, -87.65852543)
(41.87361532, -87.71194295)
(42.02253435, -87.67335734)
(41.92278653, -87.64504512)
(41.85519055, -87.6238712)
(41.97671351, -87.7019462)
(41.89317959, -87.63468615)
(41.8782364, -87.62648416)
(41.66114538, -87.63895297)
(41.93935513, -87.77700825)
(41.9250504, -87.70085001)
(41.8511588, -87.70033419)
(41.76032532, -87.70024905)
(41.74535402, -87.6037989)
(41.74960429, -87.65614047)
(41.91018398, -87.76302556)
(41.97611834, -87.68916137)
(41.78731659, -87.74484681)
(41.85879461, -87.73014715)
(42.01794869, -87.68343279)
(41.74598003, -87.66332788)
(41.9098459, -87.67663551)
(41.9115685, -87.77278949)
(41.75629246, -87.60287973)
(41.90393372, -87.62920935)
(41.88546883, -87.70008743)
(41.75629246, -87.60287973)
(41.96448425, -87.73768912)
(41.77142955, -87.68464784)
(41.97633199, -87.8057692)
(41.92162646, -87.66232392)
(41.91034171, -87.72634464)
(41.71283419, -87.53648659)
(41.87716006, -87.76475132)
(41.86722916, -87.68605565)
(41.76659449, -87.61286529)
(41.89367653, -87.63562833)
(41.67790207, -87.63392994)
(41.99436697, -87.67412666)
(41.88956143, -87.62019665)
(41.90473639, -87.75583356)
(41.8840992, -87.67515121)
(41.95158874, -87.66577418)
(41.90347807, -87.6314331)
(41.90314591, -87.63051839)
(41.79506429, -87.74281763)
(42.00863461, -87.69117724)
(41.73873411, -87.6740765)
(41.85380393, -87.69186575)
(41.86560161, -87.71950626)
(41.95115481, -87.65262906)
(41.9752702, -87.68912946)
(41.85993852, -87.70548604)
(41.95779479, -87.73260057)
(41.94896017, -87.65973246)
(41.7809464, -87.62199537)
(41.8591636, -87.64541945)
(41.89090025, -87.63939736)
(41.73487326, -87.54998643)
(41.79567524, -87.63185515)
(41.79558635, -87.63302964)
(41.88171351, -87.69392953)
(41.91242825, -87.70458613)
(41.80532232, -87.60380853)
(41.86684367, -87.62581667)
(41.96812995, -87.66279952)
(41.89317959, -87.63468615)
(41.79339525, -87.71151556)
(41.89326163, -87.62880136)
(41.80593556, -87.60271223)
(41.76094863, -87.63089934)
(41.96212951, -87.68061402)
(41.67525343, -87.60169569)
(41.69235865, -87.62309675)
(41.94654265, -87.7143561)
(41.79331712, -87.65363795)
(41.76473472, -87.63342756)
(41.9027252, -87.71991121)
(41.86701385, -87.62582213)
(41.87350832, -87.7744293)
(41.69997623, -87.53045323)
(41.87924324, -87.69730674)
(41.72068024, -87.53649589)
(41.96418462, -87.73442681)
(41.94731799, -87.64978794)
(41.77023825, -87.62023679)
(41.76488131, -87.63587086)
(41.73973746, -87.56727303)
(41.74934125, -87.56134311)
(41.90393322, -87.62912854)
(41.88065883, -87.73133698)
(41.91836873, -87.76943047)
(41.77673146, -87.67979171)
(41.85710102, -87.65762485)
(41.93608304, -87.74756808)
(41.79958013, -87.61934678)
(41.93953143, -87.7382816)
(41.9392116, -87.71769818)
(41.7592783, -87.63330359)
(41.96914353, -87.65085638)
(41.81465065, -87.6882911)
(41.80206414, -87.58914932)
(41.72599384, -87.64212358)
(41.87837335, -87.6472551)
(41.93922286, -87.71672774)
(41.9325708, -87.71314979)
(41.79153293, -87.665736)
(41.86660405, -87.68664569)
(41.85708654, -87.72060083)
(41.75618099, -87.63798815)
(41.90422166, -87.66782906)
(41.80776179, -87.67223587)
(41.85156074, -87.72390927)
(41.82876229, -87.61443616)
(41.89005352, -87.6287852)
(41.77307127, -87.70300153)
(41.8808427, -87.68642136)
(41.90393372, -87.62920935)
(41.74209839, -87.55757879)
(41.87531475, -87.72179267)
(41.90316534, -87.62921044)
(41.69638446, -87.53407529)
(42.00008903, -87.70703865)
(41.87323739, -87.71564768)
(41.85136883, -87.68194684)
(41.67842713, -87.68073968)
(41.73454999, -87.58929537)
(41.75473043, -87.58826705)
(41.78497546, -87.6132572)
(41.89005157, -87.62891376)
(42.0187537, -87.68651953)
(41.89778758, -87.71516873)
(41.92441698, -87.65479109)
(41.7428661, -87.62682027)
(41.88375088, -87.73434863)
(41.87322914, -87.71564409)
(41.99284003, -87.71893264)
(41.92095755, -87.71575353)
(41.78210246, -87.6861682)
(41.87892204, -87.72153061)
(41.92253847, -87.77080477)
(41.88454569, -87.73731581)
(41.75255172, -87.60890677)
(41.75028524, -87.66889374)
(41.88073133, -87.62878479)
(41.81776847, -87.62144128)
(41.90161656, -87.73500083)
(41.78651177, -87.68700754)
(41.89713232, -87.76912513)
(41.7656969, -87.61590308)
(41.96513525, -87.72059983)
(41.74882895, -87.60389882)
(41.99007346, -87.65733858)
(41.90516803, -87.62465164)
(41.84269583, -87.61721984)
(41.96382672, -87.71811943)
(41.89005157, -87.62891376)
(41.97706723, -87.88585172)
(41.92633306, -87.72596157)
(41.77952077, -87.66096236)
(41.86530393, -87.62578225)
(41.79428284, -87.61921488)
(41.75850773, -87.5688091)
(41.69520575, -87.70181444)
(41.89911504, -87.71553794)
(41.77162324, -87.70618671)
(41.9382489, -87.79012447)
(41.79069087, -87.61749827)
(41.89034582, -87.72349668)
(41.66294403, -87.64141128)
(41.89317959, -87.63468615)
(41.89001377, -87.63170539)
(41.91614705, -87.68637357)
(41.8895227, -87.61706066)
(41.69776521, -87.62803548)
(41.88218047, -87.76888212)
(41.90393147, -87.62929019)
(41.92412053, -87.65477953)
(41.82029283, -87.62850119)
(41.81722704, -87.6374309)
(41.89727905, -87.65754307)
(41.90225036, -87.66908745)
(41.9517376, -87.75218913)
(41.89813963, -87.6869043)
(41.82923292, -87.61115432)
(41.7248017, -87.61905801)
(41.76109712, -87.62647371)
(41.92626585, -87.64636002)
(41.88539325, -87.66354785)
(41.85832871, -87.71275171)
(41.76860753, -87.72616131)
(41.8579465, -87.65673496)
(41.97706723, -87.88585172)
(41.73681034, -87.66552262)
(41.90347807, -87.6314331)
(41.91917415, -87.76580783)
(41.75156555, -87.57932502)
(41.89762476, -87.6212052)
(41.94110195, -87.65900287)
(41.79255838, -87.77118729)
(41.6718136, -87.64779856)
(42.01603527, -87.6689277)
(41.98115898, -87.66838564)
(41.91745289, -87.70107936)
(41.92331082, -87.71043578)
(41.99221819, -87.67987262)
(41.92779502, -87.71707299)
(41.84534506, -87.62047137)
(41.70802939, -87.56929028)
(41.90960705, -87.74763385)
(41.87118325, -87.73192156)
(41.9031259, -87.63218266)
(41.93325185, -87.75477154)
(41.75201902, -87.61497796)
(41.97104169, -87.70854783)
(41.72312544, -87.62223786)
(41.78724546, -87.69849922)
(41.75422597, -87.60894292)
(41.87380752, -87.69445629)
(41.79634456, -87.69387298)
(41.75774667, -87.62474756)
(41.89367653, -87.63562833)
(41.85100561, -87.69398219)
(41.87946683, -87.66846787)
(41.77291729, -87.57159277)
(41.78343858, -87.78758689)
(41.99548053, -87.66171789)
(41.77333396, -87.66405142)
(41.82467357, -87.62641323)
(41.94954512, -87.6556091)
(41.78165759, -87.601096)
(41.89005157, -87.62891376)
(41.78615767, -87.78402544)
(41.87423054, -87.73477166)
(41.89317959, -87.63468615)
(41.89005157, -87.62891376)
(41.9253986, -87.65233702)
(41.99456758, -87.65905678)
(41.82453871, -87.69821901)
(41.8940032, -87.75193415)
(41.87935589, -87.63633494)
(41.89941016, -87.62413127)
(41.90132906, -87.69684149)
(41.88539325, -87.66354785)
(41.70982325, -87.65020758)
(41.72919512, -87.56090662)
(41.79148596, -87.65723631)
(41.77305349, -87.66160547)
(41.88023116, -87.76591753)
(41.77949746, -87.73621438)
(41.89367684, -87.63117681)
(41.77144657, -87.67127451)
(41.75420115, -87.64967857)
(41.8900513, -87.62886969)
(41.79855024, -87.66106054)
(41.78021834, -87.70316986)
(41.71195631, -87.6139006)
(41.89005157, -87.62891376)
(41.75298713, -87.61224786)
(41.87129559, -87.65226907)
(41.87470584, -87.6995805)
(41.76047871, -87.65592719)
(41.79666552, -87.66586976)
(41.90944887, -87.71433985)
(41.90043774, -87.75396587)
(41.92634454, -87.73758101)
(41.80252084, -87.64386541)
(41.8575076, -87.73225161)
(41.80458345, -87.63325077)
(41.89852917, -87.76191713)
(41.85514073, -87.66215306)
(41.77434475, -87.60336048)
(41.77852761, -87.72398162)
(41.88800287, -87.61889922)
(41.79342898, -87.65121279)
(41.78487669, -87.61897461)
(41.76809684, -87.66387859)
(41.97326182, -87.7785373)
(41.91053485, -87.67426617)
(41.89666404, -87.62917534)
(41.88186135, -87.74147197)
(41.88568492, -87.74967759)
(41.76654735, -87.61849985)
(41.78706161, -87.64283938)
(41.9089234, -87.68964267)
(41.74015527, -87.55148314)
(41.89565218, -87.69701173)
(41.76216657, -87.56644184)
(41.94938375, -87.7201368)
(41.84376126, -87.72696701)
(41.74851256, -87.60637232)
(41.89317959, -87.63468615)
(41.94379059, -87.65376601)
(41.9165305, -87.66610292)
(41.84421389, -87.72745452)
(41.99837571, -87.67070071)
(41.89317959, -87.63468615)
(41.84422812, -87.72651119)
(41.82938992, -87.60689263)
(41.88422978, -87.76541209)
(41.81178679, -87.66262052)
(41.90733403, -87.69447479)
(41.88744081, -87.66313717)
(41.97614835, -87.71355463)
(41.891476, -87.62537228)
(41.77613412, -87.70907202)
(41.81321142, -87.60326782)
(41.80415465, -87.66728481)
(41.92001652, -87.7178423)
(41.8839609, -87.64272245)
(41.74408245, -87.65842275)
(41.76651359, -87.64808896)
(41.75130534, -87.60362891)
(41.90961883, -87.67627781)
(41.92542609, -87.65049571)
(41.77823426, -87.70068155)
(41.72435247, -87.6420789)
(41.91871165, -87.76551063)
(41.77905451, -87.59914214)
(41.88732992, -87.75807266)
(41.80690053, -87.65582718)
(41.97729719, -87.90734618)
(41.75991021, -87.63387216)
(41.90660726, -87.69357098)
(41.94297287, -87.72729968)
(41.89667195, -87.62867572)
(41.94725004, -87.65359694)
(41.76164172, -87.59695821)
(41.76169951, -87.69417308)
(41.81181112, -87.70077309)
(41.84649766, -87.69167816)
(41.91003074, -87.78336883)
(41.81759979, -87.63239)
(41.97714448, -87.80105875)
(41.83053093, -87.61027746)
(41.692532, -87.61215459)
(41.87658211, -87.76055212)
(41.87689162, -87.74149213)
(41.90529764, -87.68708925)
(41.93560025, -87.65395955)
(41.75953397, -87.61514706)
(41.89155672, -87.75058272)
(41.79232304, -87.62402583)
(41.69999722, -87.6144477)
(41.94933263, -87.64847244)
(41.97209414, -87.70780207)
(41.83317755, -87.68639517)
(41.68084575, -87.65296684)
(41.88208211, -87.68722041)
(41.81246055, -87.72498068)
(41.98863081, -87.81282937)
(41.77014481, -87.68408892)
(41.80835659, -87.63456318)
(41.73598404, -87.72997134)
(41.74327676, -87.61955683)
(41.95253254, -87.77186456)
(41.75636447, -87.56511088)
(41.74883275, -87.60147648)
(41.85883238, -87.70544914)
(41.68752952, -87.70676979)
(41.94350789, -87.83387257)
(41.91426246, -87.77373587)
(41.91864596, -87.76944272)
(41.90391712, -87.63053197)
(41.70685741, -87.64941498)
(41.7899385, -87.70015211)
(41.78351427, -87.61087562)
(41.97768681, -87.6909035)
(41.81580874, -87.64571486)
(41.75685946, -87.55547324)
(41.80587831, -87.66732932)
(41.80050156, -87.69032548)
(41.76104285, -87.66368435)
(41.99837571, -87.67070071)
(41.79254441, -87.6159228)
(41.86803411, -87.63921516)
(41.91321394, -87.67630707)
(41.75817476, -87.54993402)
(41.94394845, -87.64938651)
(41.80237234, -87.5960886)
(41.90642829, -87.68223604)
(41.76823382, -87.64571728)
(41.97990943, -87.66397422)
(41.79912322, -87.65257538)
(41.83427698, -87.61818703)
(41.87879673, -87.73157478)
(41.78542269, -87.70088588)
(41.75579713, -87.63442626)
(41.75367462, -87.55647555)
(41.79515552, -87.66340271)
(41.90312223, -87.63248025)
(41.75563372, -87.64417322)
(41.89421545, -87.71993755)
(41.91062494, -87.66799767)
(41.91611975, -87.68737321)
(41.7128865, -87.60733426)
(41.97326348, -87.65843572)
(41.88370677, -87.72698974)
(41.7963241, -87.69959051)
(41.88202362, -87.69294596)
(41.87975288, -87.68392799)
(41.94910964, -87.65019522)
(41.9039189, -87.63037399)
(41.75356949, -87.64775756)
(41.94586603, -87.76778771)
(41.77866036, -87.69338142)
(41.97677868, -87.66356937)
(41.75214973, -87.60522452)
(41.79182135, -87.65967137)
(41.74917613, -87.5661897)
(41.75287751, -87.57601499)
(41.79408194, -87.66142628)
(41.97856688, -87.69765803)
(41.75043259, -87.6282325)
(41.98410903, -87.66085538)
(41.73666405, -87.55141557)
(41.862853, -87.71562282)
(41.7275463, -87.66282706)
(41.72947005, -87.55124271)
(41.90599399, -87.67825095)
(41.84575191, -87.70872969)
(41.93198031, -87.71153848)
(41.7483344, -87.62574889)
(41.97708812, -87.65783634)
(41.76021795, -87.68057139)
(41.70287444, -87.60504464)
(41.78232204, -87.72122515)
(41.95214379, -87.69980287)
(41.76010804, -87.56639671)
(41.8676148, -87.69959914)
(41.96354444, -87.70954398)
(41.9786302, -87.68639613)
(41.73679305, -87.55141767)
(41.93947232, -87.68674798)
(41.74534014, -87.60507061)
(41.86319688, -87.61481782)
(41.73896361, -87.64856513)
(41.87795517, -87.64662065)
(41.89290436, -87.6145474)
(41.85470514, -87.70899497)
(41.93992645, -87.73298149)
(41.80891207, -87.60168804)
(41.99338873, -87.65831879)
(41.84119157, -87.64635697)
(41.67889288, -87.6624904)
(42.01603527, -87.6689277)
(41.88581749, -87.66429626)
(41.88535212, -87.66590963)
(41.65120359, -87.53988479)
(41.76096973, -87.63210865)
(41.93690874, -87.63692881)
(41.92972545, -87.6648115)
(41.86561567, -87.70686229)
(41.91266139, -87.7662219)
(41.73255198, -87.64382283)
(41.70412493, -87.56445866)
(41.86816541, -87.62743954)
(41.84556413, -87.7075057)
(41.89428616, -87.63119218)
(41.89124383, -87.62022568)
(41.87655287, -87.76350091)
(41.82526661, -87.70784283)
(41.71025925, -87.60588422)
(41.65500579, -87.61388704)
(41.96277989, -87.73238461)
(41.88705768, -87.64751474)
(41.85170462, -87.71031982)
(41.88705768, -87.64751474)
(41.89005721, -87.62849134)
(41.78550719, -87.68991065)
(41.88531919, -87.65096702)
(41.76961143, -87.7188386)
(41.88563513, -87.64918254)
(41.8909614, -87.62247652)
(41.90618767, -87.72648318)
(41.9391085, -87.78852569)
(41.71605383, -87.56971169)
(41.74498021, -87.65755222)
(41.95855742, -87.69245969)
(41.8371808, -87.70758004)
(41.96073106, -87.74692324)
(41.74102985, -87.73135313)
(41.85514757, -87.62713856)
(41.91938074, -87.78287703)
(41.87665055, -87.7555871)
(41.94041283, -87.65105257)
(41.87279017, -87.62755388)
(41.96825188, -87.72717046)
(41.96763396, -87.69716001)
(41.9903119, -87.65682108)
(41.75462636, -87.57238815)
(41.65085275, -87.54473364)
(41.82302658, -87.72405151)
(41.89465862, -87.6974807)
(41.8972669, -87.7483086)
(41.89185117, -87.71048443)
(41.96712743, -87.72678031)
(41.9028134, -87.67969037)
(41.90755602, -87.67738636)
(41.76927362, -87.68581328)
(41.7984293, -87.74452144)
(41.78373676, -87.69230064)
(41.98602595, -87.80727814)
(41.76744612, -87.58636409)
(41.76964284, -87.68705227)
(41.8992013, -87.75693396)
(41.72874056, -87.59615078)
(41.85095483, -87.63349413)
(41.89614587, -87.75073568)
(41.73591054, -87.63601219)
(41.7957302, -87.62249202)
(41.89624615, -87.65643002)
(41.7505429, -87.65058592)
(41.74872069, -87.65058691)
(41.94495301, -87.64941621)
(41.87888292, -87.72449798)
(41.73704418, -87.57662971)
(41.89759891, -87.76913939)
(41.96951561, -87.79284114)
(41.72582991, -87.56080406)
(42.00138008, -87.66445929)
(41.95073789, -87.73388364)
(41.72236078, -87.62506687)
(41.77002086, -87.6913338)
(41.78729426, -87.70337558)
(41.96237135, -87.76588793)
(41.73368193, -87.64233426)
(42.01849825, -87.67298323)
(41.8924619, -87.62861182)
(41.97035083, -87.76464039)
(41.89396252, -87.63617615)
(41.71618865, -87.61399625)
(41.79946289, -87.59600826)
(41.73458921, -87.54576921)
(41.99996014, -87.66614074)
(41.73800878, -87.60486399)
(41.7057734, -87.53891389)
(41.871089, -87.73647521)
(41.97405524, -87.73806331)
(41.81905801, -87.69173205)
(41.87768035, -87.72801978)
(41.88797062, -87.62166132)
(41.88640117, -87.7074672)
(41.92678325, -87.64203662)
(41.84116428, -87.6171782)
(41.90736038, -87.6743723)
(41.85580678, -87.7297531)
(41.90984054, -87.72966316)
(41.75610949, -87.58342428)
(41.89432785, -87.62814321)
(41.70427629, -87.6198382)
(41.73443509, -87.60476881)
(41.98642816, -87.65670036)
(41.76334261, -87.7115419)
(41.94717869, -87.65731407)
(41.92500885, -87.70078061)
(41.85204163, -87.68445063)
(41.89436712, -87.65982894)
(41.90996773, -87.6768253)
(41.96750228, -87.70967084)
(41.86378501, -87.7200376)
(41.87747213, -87.67807965)
(41.77198355, -87.68119263)
(41.88705768, -87.64751474)
(41.89082499, -87.63018336)
(41.94310859, -87.64936609)
(42.0070994, -87.66500648)
(41.85670686, -87.67960947)
(41.89290436, -87.6145474)
(41.91881729, -87.64853428)
(41.97077583, -87.66949019)
(41.67054808, -87.64086867)
(41.68537799, -87.66159199)
(41.85810537, -87.71765443)
(41.94725226, -87.65350869)
(41.75936667, -87.65396701)
(41.80652786, -87.62276147)
(41.7454353, -87.59889502)
(41.7861947, -87.65952494)
(41.75170844, -87.56814585)
(41.76625305, -87.57474337)
(41.96679462, -87.74402158)
(41.73276322, -87.58926103)
(41.97743838, -87.83981546)
(41.83062831, -87.62324719)
(41.87571214, -87.73947248)
(41.96828834, -87.72369152)
(41.83486211, -87.71217116)
(42.01824468, -87.69018631)
(41.74951396, -87.59985264)
(41.87953802, -87.68281386)
(41.74910149, -87.59543781)
(41.84566688, -87.71482292)
(41.85699398, -87.65762231)
(41.99325876, -87.77909203)
(41.76068779, -87.67585675)
(41.8827793, -87.70756498)
(41.90826758, -87.76950835)
(41.77279778, -87.68346828)
(41.68366819, -87.67246434)
(41.95875018, -87.71306513)
(41.95407224, -87.68443875)
(41.73741441, -87.54876843)
(41.70395665, -87.54010444)
(41.91031514, -87.68776238)
(41.88108895, -87.77182211)
(41.89923491, -87.75325312)
(41.7720169, -87.64458443)
(41.96652358, -87.71850164)
(41.88105669, -87.75264274)
(41.79453381, -87.63143854)
(41.86294214, -87.70725183)
(41.89462391, -87.69666566)
(41.92892655, -87.64159087)
(41.92162618, -87.71201381)
(41.96152486, -87.75627334)
(41.80015844, -87.68542543)
(41.88074104, -87.72454644)
(41.94257875, -87.75681177)
(41.85923124, -87.66618865)
(41.89167877, -87.62755165)
(41.88009252, -87.75354379)
(41.73128896, -87.59683971)
(41.95083988, -87.80136588)
(41.73587173, -87.65753413)
(41.92692171, -87.71338457)
(41.85994483, -87.72865328)
(41.9425181, -87.74432237)
(41.87948295, -87.74057591)
(41.79432253, -87.62473723)
(41.7350826, -87.64847079)
(42.011046, -87.69497979)
(41.88356335, -87.75396043)
(41.92331233, -87.74774737)
(41.89036711, -87.62667363)
(41.80023342, -87.58910449)
(41.94236776, -87.65539841)
(41.79201383, -87.62239374)
(41.74854725, -87.63181876)
(42.01270161, -87.67091633)
(41.79919288, -87.65136438)
(41.89645465, -87.69672461)
(41.71827834, -87.59344996)
(41.93806118, -87.73946772)
(41.81591426, -87.62737164)
(41.90732075, -87.63155633)
(41.7893182, -87.69123663)
(41.82670185, -87.65932784)
(41.65286236, -87.60472277)
(41.77143167, -87.68211102)
(41.67013409, -87.63684697)
(41.85969726, -87.62397556)
(41.88207699, -87.6267099)
(41.77870779, -87.63870909)
(41.76680404, -87.60561968)
(41.90727915, -87.69447534)
(41.95873639, -87.6465261)
(41.89540629, -87.72196466)
(41.9211998, -87.79203651)
(41.75122659, -87.56379787)
(41.69938787, -87.61355369)
(41.70732277, -87.53045338)
(41.89210295, -87.75549562)
(41.757631, -87.58570825)
(41.78696508, -87.64918026)
(41.80583741, -87.66124845)
(41.85786094, -87.66226411)
(41.88452611, -87.68022935)
(41.75555424, -87.65386795)
(41.82213036, -87.60327658)
(41.74307255, -87.61146839)
(41.78718141, -87.70582243)
(41.76866243, -87.72616446)
(41.89810642, -87.71884246)
(41.87695157, -87.7366373)
(41.90587781, -87.64250466)
(41.79869112, -87.66592576)
(41.8926701, -87.62810635)
(41.74787029, -87.54918349)
(41.87376368, -87.69942091)
(41.80072964, -87.66963084)
(41.87799365, -87.61742075)
(41.93476581, -87.7115592)
(41.87568648, -87.76035082)
(41.87565882, -87.76251011)
(41.84326774, -87.69218386)
(41.96560098, -87.78675201)
(41.90026736, -87.67595126)
(41.85104295, -87.67580585)
(41.88320837, -87.63445694)
(41.95691171, -87.67753857)
(41.8158142, -87.62138589)
(41.79461138, -87.62797218)
(41.95779551, -87.71058904)
(41.89532791, -87.63416688)
(41.77537879, -87.66410715)
(41.89845009, -87.67345747)
(42.0058988, -87.66100859)
(41.94136569, -87.6493112)
(41.90732075, -87.63155633)
(41.91190953, -87.68047931)
(41.87660796, -87.62764406)
(41.917179, -87.68250889)
(41.79214254, -87.73293602)
(42.01181262, -87.69024008)
(41.74771234, -87.66579808)
(41.85340381, -87.70286677)
(41.9107789, -87.72391576)
(41.87846482, -87.75565154)
(41.85358283, -87.63332967)
(41.87965847, -87.73420691)
(41.90112392, -87.69498484)
(41.89307048, -87.72601604)
(41.72735685, -87.58544391)
(41.83070142, -87.62175666)
(41.87672162, -87.69489727)
(41.77600208, -87.61552061)
(41.96491786, -87.65000063)
(41.67755232, -87.62388186)
(41.92041794, -87.68750256)
(41.85733923, -87.65195832)
(41.91355355, -87.71625109)
(41.78322219, -87.73266726)
(41.88689309, -87.74550934)
(41.87736877, -87.74516334)
(41.74946001, -87.72089612)
(41.92668911, -87.734186)
(41.89994592, -87.62779856)
(41.77791658, -87.59929077)
(41.69073045, -87.62652698)
(41.90938657, -87.76492098)
(41.88100737, -87.70320507)
(41.7631579, -87.65932251)
(41.77646199, -87.6835706)
(41.97983322, -87.71243026)
(41.87710159, -87.72443778)
(41.88588808, -87.62794224)
(41.88010804, -87.64730998)
(41.91609638, -87.70042405)
(41.70369226, -87.68281332)
(41.96938944, -87.70048881)
(41.88184629, -87.64201078)
(41.86804342, -87.72094045)
(41.96341667, -87.71688059)
(41.73673567, -87.56242106)
(41.76876008, -87.58881588)
(41.92797417, -87.70656858)
(41.84713066, -87.69102221)
(41.74064914, -87.63768673)
(41.878612, -87.68454176)
(41.70651639, -87.62350126)
(41.78513009, -87.62222046)
(41.79226444, -87.61591493)
(41.73767665, -87.60485309)
(41.91803098, -87.80516575)
(41.94360916, -87.65001502)
(41.93004949, -87.68592073)
(41.81039168, -87.60391608)
(41.88705768, -87.64751474)
(41.87510542, -87.73836554)
(41.99004158, -87.65891695)
(41.80888266, -87.63262442)
(41.89005157, -87.62891376)
(41.89004514, -87.62920764)
(41.92541768, -87.71334769)
(41.85999728, -87.64030424)
(41.89001377, -87.63170539)
(41.93922286, -87.71672774)
(41.67125861, -87.65509189)
(41.88772805, -87.66251352)
(41.78589332, -87.65587606)
(41.93127163, -87.76654953)
(41.94175966, -87.73037665)
(41.88573018, -87.63443312)
(41.9111274, -87.67136874)
(41.91730729, -87.71465339)
(41.89635761, -87.72489033)
(41.89000633, -87.71237909)
(41.81615751, -87.61833729)
(41.93958323, -87.72719946)
(41.8952399, -87.74581479)
(41.887712, -87.61713965)
(41.88457103, -87.7454278)
(42.0193833, -87.67275327)
(41.97326422, -87.65856075)
(41.79493659, -87.65975244)
(41.79520994, -87.66097443)
(41.95201573, -87.64788861)
(41.8251342, -87.63306729)
(41.90414256, -87.67601069)
(41.88783204, -87.75369049)
(41.8563301, -87.65069896)
(41.83345579, -87.68269726)
(41.92479172, -87.63581122)
(41.84618722, -87.6320083)
(41.78331579, -87.60725162)
(41.87102501, -87.69943695)
(41.87102761, -87.69941123)
(41.96113676, -87.71239488)
(41.75295025, -87.55406184)
(41.8846196, -87.63682858)
(41.9930197, -87.69948595)
(41.90404211, -87.66384889)
(41.9930197, -87.69948595)
(41.67053551, -87.64197051)
(41.96384658, -87.67089316)
(41.94210313, -87.65241659)
(41.73758198, -87.71107232)
(41.77297146, -87.69932553)
(41.95328643, -87.64424282)
(41.95060373, -87.68836695)
(41.74205127, -87.54421235)
(41.89399011, -87.70215558)
(41.84269583, -87.61721984)
(41.80048903, -87.60284745)
(41.79567197, -87.76260066)
(41.76639563, -87.64077369)
(41.84000011, -87.73295127)
(41.75340413, -87.57763966)
(41.99837167, -87.66056911)
(41.89140492, -87.6325753)
(41.7724864, -87.64370691)
(41.74723361, -87.55645427)
(41.75440215, -87.56385889)
(42.01603527, -87.6689277)
(41.84584134, -87.70751401)
(41.7938977, -87.67606753)
(41.93538443, -87.76638816)
(41.74366073, -87.62394974)
(41.76099868, -87.64186533)
(41.96236911, -87.64322209)
(41.76014263, -87.56213363)
(41.75353895, -87.66351681)
(41.79903812, -87.66471923)
(41.7370311, -87.6643149)
(41.77526936, -87.7064958)
(41.97816551, -87.65858624)
(41.77282668, -87.68957549)
(41.68303118, -87.64208571)
(41.75689512, -87.59157354)
(41.89977691, -87.71767672)
(41.98355338, -87.71377338)
(41.73969289, -87.60126882)
(41.81327272, -87.59781975)
(41.80805298, -87.67467575)
(41.9669122, -87.67956871)
(41.90408215, -87.753977)
(41.95456732, -87.76211903)
(41.88342062, -87.75395438)
(41.80532815, -87.61386928)
(42.00305186, -87.66079942)
(42.02009545, -87.66824509)
(41.81333713, -87.68456998)
(41.81333713, -87.68456998)
(41.78668179, -87.63765133)
(41.78320602, -87.62216839)
(41.79329893, -87.66456619)
(42.01849825, -87.67298323)
(41.78657396, -87.64252194)
(41.88357806, -87.70961734)
(41.91235925, -87.7470429)
(41.88996893, -87.75297337)
(41.93990164, -87.65462695)
(41.75070693, -87.6027415)
(42.01498382, -87.66695889)
(41.86427635, -87.65980709)
(41.95116454, -87.78005974)
(41.88208211, -87.68722041)
(41.65685141, -87.60756506)
(41.97676298, -87.90098372)
(41.66228031, -87.55684316)
(41.97396066, -87.89722957)
(41.88538631, -87.70705845)
(41.91464561, -87.69711702)
(41.84556413, -87.7075057)
(41.75761443, -87.58611527)
(41.94305644, -87.64936297)
(41.86319658, -87.63028792)
(41.90251731, -87.68701443)
(41.88634071, -87.7119996)
(41.89256769, -87.6356)
(41.99540919, -87.81530143)
(41.95320355, -87.67024607)
(41.75605676, -87.65484853)
(41.94031827, -87.64440819)
(41.87693238, -87.73822742)
(41.75284591, -87.56382617)
(41.76416881, -87.66986848)
(41.76416881, -87.66986848)
(41.86725154, -87.63959443)
(41.90309242, -87.68291645)
(41.88629724, -87.76175071)
(41.84543711, -87.62916482)
(41.6937343, -87.64120953)
(41.83201628, -87.67043422)
(41.86510858, -87.73370765)
(41.75771665, -87.64508921)
(41.74734447, -87.57468751)
(41.85429369, -87.65809855)
(41.93852191, -87.77046217)
(41.88085991, -87.77324891)
(41.97008868, -87.76269009)
(41.74759825, -87.66458264)
(41.73454471, -87.55413415)
(41.96904627, -87.65807575)
(41.96812055, -87.76258263)
(41.92803548, -87.65739127)
(41.79312144, -87.73225581)
(41.7053709, -87.6215473)
(41.70096321, -87.64629893)
(41.88601293, -87.62950532)
(41.7026572, -87.62339357)
(41.97855275, -87.70006709)
(41.7190913, -87.55289233)
(41.92465795, -87.71241066)
(41.94251547, -87.76171937)
(41.87097972, -87.6849347)
(41.77111293, -87.61176629)
(41.74577615, -87.55035593)
(41.78100266, -87.65210712)
(41.74541409, -87.70348832)
(41.91745193, -87.72167345)
(41.68102457, -87.62755572)
(41.7789983, -87.64962424)
(41.77682842, -87.68967478)
(41.84269027, -87.64275173)
(41.80244852, -87.6487515)
(41.94983736, -87.6586351)
(41.91783936, -87.75841602)
(41.99709616, -87.66536132)
(41.76512544, -87.61404369)
(41.96179688, -87.74125122)
(41.89005157, -87.62891376)
(41.94491182, -87.64941298)
(41.93257697, -87.72455725)
(41.86620223, -87.72303965)
(41.76836901, -87.61533078)
(41.7063267, -87.65618832)
(41.89317959, -87.63468615)
(41.74460977, -87.62120935)
(41.88017877, -87.63672258)
(41.89001377, -87.63170539)
(41.74079798, -87.66319121)
(41.89005105, -87.62882929)
(41.87516582, -87.73362099)
(41.96000513, -87.72657579)
(41.84738458, -87.6932475)
(41.72796734, -87.63491848)
(41.93997419, -87.64974141)
(41.92848718, -87.64886817)
(41.69506346, -87.66737166)
(41.96012473, -87.71555563)
(41.85294738, -87.7077237)
(41.89233127, -87.74212458)
(41.86011034, -87.72621421)
(41.94010261, -87.6404924)
(41.89194817, -87.62807389)
(41.81757345, -87.62630055)
(41.73685186, -87.55280191)
(41.93172648, -87.73188972)
(41.78929756, -87.69245425)
(41.87390705, -87.72543009)
(41.91935766, -87.76907637)
(41.96823457, -87.72857162)
(41.77653274, -87.67383252)
(41.75047239, -87.63429712)
(41.74464117, -87.61479271)
(41.78979404, -87.67782191)
(41.74229334, -87.55273235)
(41.95937728, -87.7782092)
(41.77875164, -87.68227528)
(41.76702286, -87.64376543)
(41.76085418, -87.56224973)
(41.84536785, -87.69280884)
(41.88382974, -87.6142011)
(41.83875847, -87.72230965)
(41.82088728, -87.6132879)
(41.74279094, -87.61954389)
(41.78174502, -87.69834083)
(41.94928361, -87.64303608)
(41.78454239, -87.65948358)
(41.72285469, -87.62061809)
(41.94025135, -87.70397473)
(41.88577258, -87.68226586)
(41.95652014, -87.67385507)
(41.99474908, -87.6971034)
(41.74271022, -87.63408818)
(41.89799043, -87.72127518)
(41.70803131, -87.56916574)
(41.87284393, -87.76320708)
(41.77137248, -87.67127527)
(41.98122733, -87.80989586)
(41.88410587, -87.67487939)
(41.89032444, -87.6826016)
(41.91337942, -87.76436384)
(41.83197318, -87.64125977)
(41.79453381, -87.63143854)
(41.93933985, -87.72425035)
(42.01290192, -87.7030787)
(41.76237256, -87.67103791)
(41.74399797, -87.60330858)
(42.01945432, -87.68133453)
(41.76015578, -87.55675291)
(41.73768838, -87.61455878)
(41.77591431, -87.59731189)
(41.86816541, -87.62743954)
(42.01981196, -87.66620926)
(41.76558894, -87.58058674)
(41.88180206, -87.74649608)
(41.90563248, -87.68709689)
(41.92480533, -87.69771795)
(41.95594762, -87.73254071)
(41.90478339, -87.7597344)
(41.9004248, -87.64246793)
(41.9460213, -87.65556555)
(41.90924848, -87.68353361)
(41.74492538, -87.66130511)
(41.80594103, -87.67583442)
(42.01021158, -87.67359145)
(41.85345592, -87.72785182)
(41.68196787, -87.6469147)
(41.90992481, -87.63467257)
(41.90784052, -87.6312898)
(41.82631315, -87.67272382)
(41.72760514, -87.66870253)
(41.92046896, -87.68925841)
(41.94495301, -87.64941621)
(41.82615358, -87.64599676)
(41.76440869, -87.70071842)
(41.87531681, -87.72166413)
(41.73503388, -87.54578209)
(41.89891487, -87.74589865)
(41.90335438, -87.66686461)
(41.89065083, -87.71129307)
(41.85002965, -87.67186691)
(41.75827902, -87.5895711)
(41.75055888, -87.64958163)
(41.8818476, -87.64177207)
(41.80083462, -87.70288355)
(41.87775933, -87.63688472)
(41.87528989, -87.72382709)
(41.86745932, -87.64219518)
(41.77279778, -87.68346828)
(42.01849825, -87.67298323)
(41.76385743, -87.67107396)
(41.78215728, -87.61023088)
(41.89435368, -87.66081342)
(41.89005352, -87.6287852)
(41.77999793, -87.62929459)
(41.80302907, -87.75159098)
(41.80833432, -87.6909184)
(41.79951874, -87.59104552)
(41.93644132, -87.74679298)
(41.81769067, -87.62305996)
(41.91798038, -87.6972125)
(41.92214012, -87.78662336)
(41.8522187, -87.66602295)
(41.83532716, -87.64134106)
(41.83532716, -87.64134106)
(41.88540177, -87.66312543)
(41.87690303, -87.74104405)
(41.82503737, -87.62310718)
(41.80568518, -87.68392462)
(41.71120129, -87.59695185)
(41.93457403, -87.72338424)
(41.91085767, -87.65199563)
(41.75130534, -87.60362891)
(41.90314344, -87.72631732)
(41.94446375, -87.65529901)
(41.95810679, -87.70326229)
(41.73199433, -87.61068386)
(41.85271185, -87.71236187)
(41.89482155, -87.63213393)
(41.98299489, -87.78239563)
(41.81755554, -87.61544929)
(41.89147061, -87.62806446)
(41.84005964, -87.72808455)
(41.75836206, -87.6177697)
(41.79631327, -87.58089843)
(41.88577258, -87.68226586)
(41.79890475, -87.67776574)
(41.89001494, -87.63144829)
(41.87275915, -87.73520763)
(41.93908695, -87.72779959)
(41.75022289, -87.64158887)
(41.93201396, -87.70914201)
(41.71330844, -87.64421533)
(41.90162473, -87.67721198)
(41.94928361, -87.64303608)
(41.92933662, -87.70781574)
(41.89318177, -87.6345943)
(41.78627901, -87.70140181)
(41.90335438, -87.66686461)
(41.71931361, -87.6164998)
(41.90368634, -87.73617538)
(41.8033916, -87.6210613)
(41.89346903, -87.63264823)
(41.85107368, -87.72108032)
(41.89332302, -87.75309727)
(41.92140191, -87.75852367)
(41.8083702, -87.5937787)
(41.90335993, -87.6664017)
(41.88058694, -87.70611017)
(41.75268799, -87.70125864)
(41.72073148, -87.56991272)
(42.00772198, -87.67683299)
(41.90245102, -87.77537816)
(41.8236361, -87.69776932)
(41.81385823, -87.64080186)
(41.79859801, -87.68415754)
(41.85729762, -87.65885617)
(41.85344978, -87.7282483)
(41.89993543, -87.66739972)
(41.8186825, -87.69575656)
(41.81769067, -87.62305996)
(41.79950417, -87.63196376)
(41.90455883, -87.71692547)
(41.75150283, -87.71037351)
(41.79864915, -87.6695753)
(41.99650972, -87.67023447)
(41.88996893, -87.75297337)
(41.91038112, -87.72757133)
(41.87560033, -87.74924061)
(41.85117108, -87.71620504)
(41.7799602, -87.63209978)
(41.87358484, -87.714429)
(41.93016552, -87.71137971)
(41.95254606, -87.66334889)
(41.75217488, -87.55182471)
(41.70595889, -87.64280332)
(41.76410979, -87.72153757)
(41.89476059, -87.63654578)
(41.81931743, -87.61986497)
(41.8807173, -87.72628358)
(41.90193008, -87.72261873)
(41.96904485, -87.65830007)
(41.79171955, -87.66573773)
(41.95849653, -87.70327315)
(41.80818021, -87.66251876)
(41.79556583, -87.76333139)
(41.7844222, -87.70359802)
(41.75804974, -87.63615741)
(42.01275009, -87.6832355)
(41.75096983, -87.62411481)
(41.84427686, -87.72276361)
(41.90316534, -87.62921044)
(42.00259503, -87.65777631)
(41.78238978, -87.65093015)
(41.8910255, -87.63111036)
(41.84928822, -87.71005331)
(41.91072397, -87.66097225)
(41.87749985, -87.66668533)
(41.98227034, -87.80694126)
(41.92449246, -87.72610764)
(41.89815879, -87.63758874)
(41.93379699, -87.78822542)
(41.85140716, -87.73383563)
(41.89276678, -87.66822712)
(41.96038791, -87.72891054)
(41.9151211, -87.64720335)
(41.89040009, -87.62802114)
(41.81947396, -87.60805027)
(41.75866466, -87.65545147)
(41.96575581, -87.65479016)
(41.89845944, -87.68765407)
(41.89281615, -87.6241932)
(41.91783515, -87.68741838)
(41.78035163, -87.70195497)
(41.99274921, -87.67531313)
(41.76222388, -87.68929661)
(41.88050372, -87.71099123)
(41.96081808, -87.73929691)
(41.70827214, -87.61501107)
(41.94484322, -87.64941371)
(41.7063765, -87.68577827)
(41.75338568, -87.64044812)
(41.76715263, -87.60563041)
(41.71452254, -87.65315387)
(41.84643667, -87.6964977)
(41.89304279, -87.68530292)
(41.97629041, -87.90522722)
(41.97629041, -87.90522722)
(41.80904096, -87.63608898)
(41.8792792, -87.64180711)
(41.7832727, -87.65265507)
(41.88173084, -87.62620329)
(41.88570208, -87.64203164)
(41.77654489, -87.63007293)
(41.72656317, -87.61547408)
(41.96023921, -87.71185209)
(41.97486195, -87.89037215)
(41.884519, -87.68042773)
(41.89376985, -87.63563099)
(41.89905245, -87.65858225)
(41.76883291, -87.64494107)
(41.80679932, -87.74558185)
(41.68668757, -87.60708339)
(41.89005327, -87.6287448)
(41.8718119, -87.62734067)
(41.90012403, -87.6313376)
(41.94259638, -87.64447556)
(41.71889878, -87.62617445)
(41.74339509, -87.60258255)
(41.76233778, -87.68807491)
(41.82326342, -87.62158954)
(41.95120323, -87.7079402)
(41.94259638, -87.64447556)
(41.89688859, -87.62820319)
(41.73415751, -87.58928891)
(41.947164, -87.65808249)
(41.91925369, -87.72662028)
(41.83723514, -87.63285832)
