(41.71771655, -87.59827668)
(41.90727252, -87.69082747)
(41.88330823, -87.64416901)
(41.91240694, -87.68060283)
(41.75614692, -87.5724215)
(41.97878429, -87.65788093)
(41.75155262, -87.72271594)
(41.9554364, -87.67965292)
(41.7931952, -87.6876885)
(41.87739642, -87.6495605)
(41.94398296, -87.77271517)
(41.99739738, -87.7831617)
(41.86240971, -87.73293991)
(41.86221827, -87.63908716)
(41.79803591, -87.70246723)
(41.70412999, -87.64856865)
(41.88172219, -87.62435627)
(41.96550086, -87.7363449)
(41.88151534, -87.64264963)
(41.77104149, -87.62143029)
(41.97846613, -87.90363857)
(41.79496593, -87.60562025)
(41.72996174, -87.65681574)
(41.72239564, -87.53771282)
(41.77762087, -87.6058677)
(41.76231583, -87.59766159)
(41.89945657, -87.76798435)
(41.73625998, -87.62806878)
(41.79041095, -87.60613747)
(41.86167876, -87.64200046)
(41.8956277, -87.76785283)
(41.90198487, -87.6625994)
(41.88666869, -87.65735009)
(41.8749748, -87.72547505)
(41.88367394, -87.62623327)
(41.98285837, -87.72492444)
(41.88852595, -87.64432226)
(41.73980164, -87.60369687)
(41.70286731, -87.64028033)
(41.70216807, -87.66966398)
(41.80631279, -87.65761229)
(41.87239471, -87.71561173)
(41.74785898, -87.66458727)
(41.74350386, -87.60501807)
(41.81413228, -87.72870655)
(41.86972596, -87.71791743)
(41.87076413, -87.72167082)
(41.89804054, -87.62409132)
(41.7167154, -87.66581493)
(41.82149274, -87.60658935)
(41.98992207, -87.70658657)
(41.76423443, -87.60677035)
(41.88152445, -87.66270693)
(41.85109876, -87.62474226)
(41.89799674, -87.71273511)
(41.6907019, -87.62858128)
(41.88097217, -87.75875396)
(41.89322348, -87.63153437)
(41.95355235, -87.7357763)
(41.67168302, -87.63930092)
(41.89417279, -87.715053)
(41.91518394, -87.65547308)
(41.72430952, -87.64957794)
(41.84905054, -87.71126316)
(41.87774539, -87.63820677)
(41.81092212, -87.70530099)
(41.66017816, -87.55319788)
(41.7472613, -87.70353989)
(41.95147011, -87.66897737)
(41.68828281, -87.60590486)
(41.77865552, -87.64598725)
(41.79973903, -87.7361512)
(41.78702083, -87.71212718)
(41.77338012, -87.58228465)
(41.99450303, -87.70074773)
(41.84407462, -87.6267135)
(41.87929064, -87.74159851)
(41.84516134, -87.70260271)
(41.81007162, -87.69587497)
(41.86853443, -87.66244988)
(41.69259983, -87.62171374)
(41.79281108, -87.59648788)
(41.7940887, -87.63179911)
(41.90843054, -87.63850953)
(41.87393649, -87.75558951)
(41.86171115, -87.70797235)
(41.95846598, -87.67389016)
(41.90743845, -87.68470917)
(41.84737738, -87.71243181)
(41.75128168, -87.60552384)
(41.96822416, -87.72972266)
(41.87183406, -87.70936803)
(41.9458639, -87.76791271)
(41.7510729, -87.5828819)
(41.88224999, -87.62941075)
(41.93544259, -87.76760784)
(41.84906987, -87.62371127)
(41.77615028, -87.61552262)
(41.82169021, -87.74352327)
(41.87950547, -87.62668316)
(41.75842654, -87.68796748)
(41.79654235, -87.68899714)
(41.86022681, -87.71767814)
(41.90307749, -87.68367333)
(41.88000237, -87.64113467)
(41.88449536, -87.62682281)
(41.70768605, -87.53770377)
(41.88077543, -87.62702903)
(41.97434619, -87.78547838)
(41.90127788, -87.63785976)
(41.894925, -87.75623415)
(41.9743124, -87.77335761)
(41.80811735, -87.70427567)
(41.89668507, -87.62768386)
(41.72594416, -87.64987565)
(41.81927805, -87.62147959)
(41.69378361, -87.61218454)
(41.91905875, -87.7674476)
(41.89917234, -87.62650677)
(41.91549266, -87.71452395)
(41.88242595, -87.72816962)
(41.90535268, -87.69201123)
(41.84307401, -87.63180742)
(41.89231719, -87.63909554)
(42.0047909, -87.67057528)
(41.79443927, -87.67431641)
(41.87388928, -87.63361483)
(41.89189399, -87.70675248)
(41.91543284, -87.68527487)
(42.01849825, -87.67298323)
(41.75292355, -87.57967927)
(41.87292494, -87.74499112)
(41.75266279, -87.57967133)
(41.90218158, -87.68150778)
(41.88428728, -87.66166081)
(41.8951409, -87.62425563)
(41.74933048, -87.55648762)
(41.80341998, -87.61944353)
(41.74712874, -87.60021692)
(41.88548189, -87.62793569)
(41.78058368, -87.63263561)
(41.97743733, -87.89933523)
(42.01494937, -87.66906412)
(41.80685253, -87.61014397)
(41.99216986, -87.67334373)
(41.96416436, -87.65668227)
(41.89624624, -87.65644471)
(41.74488889, -87.60748686)
(41.73527097, -87.66792005)
(41.84569215, -87.71238572)
(41.82956939, -87.68991358)
(42.01939924, -87.67504949)
(41.83469081, -87.61370565)
(41.92677878, -87.73296513)
(41.78352202, -87.59312567)
(41.70830867, -87.61866929)
(41.87805845, -87.74372861)
(41.98216127, -87.66850026)
(41.75671411, -87.5860854)
(41.99370623, -87.79352307)
(41.84602821, -87.73907911)
(41.85202557, -87.68646956)
(41.87380726, -87.69440856)
(41.83329789, -87.68146961)
(41.72954615, -87.62965525)
(41.90439412, -87.63000143)
(41.88851967, -87.64282025)
(41.88183303, -87.74396933)
(41.90908859, -87.71521401)
(41.89263132, -87.6182857)
(41.98170554, -87.76836808)
(41.69236383, -87.66184884)
(41.93759731, -87.73944998)
(41.71760363, -87.61645654)
(41.88468854, -87.68467859)
(41.80892519, -87.74808236)
(41.93849235, -87.69701236)
(41.92601265, -87.75261006)
(41.79055642, -87.62236217)
(41.96760468, -87.7782628)
(41.88778077, -87.7063226)
(41.85146137, -87.67173103)
(41.95201479, -87.76203521)
(41.70279989, -87.61852156)
(41.87311259, -87.62643414)
(41.93263074, -87.70499415)
(41.83992858, -87.72199025)
(41.74335633, -87.61471177)
(41.7643548, -87.70439909)
(41.65646932, -87.61489171)
(41.86596188, -87.70443219)
(41.90548477, -87.71509449)
(41.73595833, -87.63394159)
(41.79396372, -87.66988768)
(41.88180603, -87.7461986)
(41.67861238, -87.54004238)
(41.77253239, -87.57646936)
(41.93959856, -87.75791186)
(41.86458345, -87.68649718)
(41.94152289, -87.74397132)
(41.76369503, -87.68933322)
(41.94085786, -87.72901048)
(41.86771333, -87.70204331)
(41.73775077, -87.60485591)
(41.94008872, -87.72109696)
(41.66011328, -87.63891648)
(41.92343395, -87.73408784)
(41.82633425, -87.63139949)
(41.94559185, -87.74704729)
(41.93951184, -87.76474173)
(41.7628626, -87.6637314)
(41.86327623, -87.642053)
(41.90451735, -87.76695153)
(41.87722511, -87.71468763)
(41.86566271, -87.70442411)
(41.78032836, -87.71789669)
(41.87135346, -87.68454173)
(41.8303627, -87.65096025)
(42.01607687, -87.69610705)
(41.84150607, -87.7281223)
(41.92480533, -87.69771795)
(42.01499864, -87.67907646)
(41.83110119, -87.61719865)
(41.6997733, -87.70600281)
(41.83155644, -87.68506853)
(41.80099297, -87.65504587)
(41.74139233, -87.71384229)
(41.9790063, -87.90646316)
(41.87667195, -87.75384276)
(41.87173019, -87.71860316)
(42.00043352, -87.66120225)
(41.7957302, -87.62249202)
(42.00361148, -87.69735728)
(41.7296425, -87.63736588)
(41.8901631, -87.75175596)
(41.88320802, -87.63349848)
(41.67198966, -87.6332985)
(41.91056783, -87.71778613)
(42.01945095, -87.68074206)
(41.7621615, -87.5628132)
(41.80267825, -87.6611641)
(41.73884081, -87.70336936)
(41.74091899, -87.63196775)
(41.82995446, -87.62700825)
(41.88511212, -87.62448405)
(41.83805499, -87.64545841)
(41.86124735, -87.62568747)
(41.90113338, -87.62990498)
(41.80204543, -87.59049922)
(41.91026162, -87.69241398)
(41.77789318, -87.61556551)
(41.76401034, -87.56474111)
(41.92480651, -87.77331669)
(41.78950422, -87.78658938)
(41.83665538, -87.65840509)
(41.88317097, -87.76329155)
(41.80363182, -87.59052858)
(41.76981772, -87.67244599)
(41.77989741, -87.63575949)
(41.97629041, -87.90522722)
(41.81075045, -87.73958869)
(41.91053375, -87.65383232)
(41.86158347, -87.69326376)
(41.97678632, -87.68985339)
(41.7024061, -87.65079877)
(41.74227972, -87.71555229)
(41.750322, -87.70268542)
(41.88010804, -87.64730998)
(41.86221827, -87.63908716)
(41.96427183, -87.66236933)
(41.78040834, -87.69830268)
(41.82261433, -87.70308452)
(42.01323337, -87.68620381)
(41.78239826, -87.71649095)
(41.88511212, -87.62448405)
(41.87111504, -87.69045538)
(41.77774481, -87.65761897)
(41.76224317, -87.65963997)
(41.88653055, -87.74438154)
(41.89090025, -87.63939736)
(41.98143189, -87.78897419)
(41.93212821, -87.69350344)
(41.76510349, -87.57812185)
(41.89557686, -87.66727604)
(41.87074131, -87.72357291)
(41.73124356, -87.65685359)
(41.81957093, -87.62847609)
(41.95489784, -87.68485315)
(41.91026475, -87.77274211)
(41.99458783, -87.65736806)
(41.90841782, -87.67740693)
(41.72116784, -87.61899569)
(42.00907872, -87.6684445)
(41.92612341, -87.70234973)
(41.75442299, -87.6350019)
(41.70775621, -87.58070877)
(41.8183066, -87.68839382)
(41.77596714, -87.61432217)
(41.88177682, -87.62076795)
(41.89592474, -87.74934194)
(41.97557034, -87.65779721)
(41.92445336, -87.72962097)
(41.77435327, -87.61428521)
(41.91076487, -87.65812092)
(41.74897841, -87.56740504)
(41.88587179, -87.63245215)
(41.7050424, -87.61858462)
(41.92090047, -87.7204647)
(41.77333775, -87.67133572)
(41.69251542, -87.6289496)
(41.90775838, -87.67390899)
(41.8528683, -87.63091491)
(41.94025364, -87.82150033)
(41.86472982, -87.64970283)
(41.99842597, -87.68868259)
(41.78960053, -87.6766138)
(41.80798045, -87.71494714)
(41.90819132, -87.68100213)
(41.90742061, -87.68592533)
(41.73209822, -87.66126298)
(41.78169327, -87.73628568)
(42.01406501, -87.68671791)
(42.0211782, -87.67231147)
(41.75439007, -87.61016149)
(41.8474707, -87.71243458)
(41.8578227, -87.66464687)
(41.88028142, -87.7622156)
(41.96905968, -87.7170505)
(41.76060423, -87.58462181)
(41.87845845, -87.74520475)
(41.75168511, -87.66468315)
(41.88953343, -87.74934874)
(41.90859048, -87.71904317)
(41.89480387, -87.63328375)
(41.90436157, -87.68217989)
(41.76966951, -87.67244384)
(41.79467841, -87.62326276)
(42.00426262, -87.81849677)
(41.92255585, -87.77323716)
(41.81679288, -87.60806218)
(41.79453381, -87.63143854)
(41.83992888, -87.71589105)
(41.91050235, -87.71174329)
(41.88010804, -87.64730998)
(41.70691171, -87.64334978)
(41.75416912, -87.69417084)
(41.90699383, -87.71913562)
(41.88409095, -87.65953292)
(41.89773193, -87.72738234)
(41.90012336, -87.70815236)
(41.79887877, -87.67322937)
(41.99087268, -87.66400651)
(41.85480904, -87.68417672)
(41.89914529, -87.62791022)
(41.90966516, -87.77528228)
(41.69695838, -87.6614715)
(41.95699232, -87.6691259)
(41.77096297, -87.68463788)
(41.80954055, -87.60601653)
(41.94664872, -87.70208488)
(41.91072362, -87.67800053)
(41.89759607, -87.62321837)
(41.72235893, -87.58409891)
(41.85103873, -87.6915557)
(41.91815099, -87.72050938)
(41.9247712, -87.76723544)
(41.73492135, -87.5457798)
(41.92773355, -87.70522227)
(41.76805473, -87.5691613)
(41.88303615, -87.76821726)
(41.88574828, -87.62886188)
(41.74362428, -87.56003016)
(41.88885038, -87.75048245)
(41.86524977, -87.64212352)
(41.92459718, -87.71743081)
(41.79350247, -87.66700639)
(41.91159247, -87.64224465)
(41.90113338, -87.62990498)
(41.86854191, -87.63923536)
(41.99859476, -87.68746685)
(41.81456382, -87.60448136)
(41.72165131, -87.62929816)
(41.80381254, -87.71609121)
(41.87289525, -87.69473708)
(41.88287025, -87.77187996)
(41.809419, -87.70644176)
(41.76173698, -87.7186425)
(41.9790063, -87.90646316)
(41.74853932, -87.66265996)
(41.75167723, -87.72811296)
(41.97326348, -87.65843572)
(41.73695521, -87.54582823)
(41.74800599, -87.573049)
(41.98550017, -87.65708903)
(41.93530646, -87.73744249)
(41.76967067, -87.5887357)
(41.78375742, -87.68376461)
(41.97685185, -87.65499969)
(41.75214675, -87.71731573)
(41.78982217, -87.7074688)
(41.91045929, -87.6788078)
(41.95825271, -87.70937867)
(41.98950771, -87.65679649)
(41.74087372, -87.73667128)
(41.99266553, -87.72017032)
(41.70879112, -87.6915808)
(41.80673371, -87.62276653)
(41.90571899, -87.66623388)
(41.75834703, -87.55630925)
(41.7111492, -87.53648909)
(41.76488738, -87.58241303)
(41.78317886, -87.61208934)
(41.87180543, -87.71167776)
(41.7983799, -87.690266)
(41.79242076, -87.59810219)
(41.79815421, -87.70002724)
(41.87707891, -87.69007616)
(41.75702248, -87.55807346)
(41.79666587, -87.68900324)
(41.74128935, -87.73638162)
(41.90200731, -87.70941965)
(41.88429336, -87.66129351)
(41.89374869, -87.62812387)
(41.72274586, -87.6396052)
(41.76983732, -87.65788525)
(41.89608313, -87.62976573)
(41.72899499, -87.62704555)
(41.77490128, -87.6368658)
(41.88851967, -87.64282025)
(41.97685185, -87.65499969)
(41.88638227, -87.76339888)
(41.87577143, -87.75376277)
(41.74793466, -87.66580311)
(41.89688859, -87.62820319)
(41.89266778, -87.61621016)
(41.93332809, -87.64475539)
(41.78619967, -87.6473807)
(41.7525445, -87.70612325)
(41.65663988, -87.60233454)
(41.85998758, -87.71401683)
(41.75311401, -87.65703079)
(41.76441661, -87.63707817)
(41.9283012, -87.78438054)
(41.86625461, -87.71896767)
(41.79766936, -87.75755862)
(41.906339, -87.71984356)
(41.92845861, -87.70784269)
(41.88506046, -87.66483298)
(41.911231, -87.68083892)
(41.88719393, -87.66080772)
(41.8954905, -87.71310464)
(41.80248468, -87.66845742)
(41.87891877, -87.66529358)
(41.78934959, -87.69489956)
(41.96933614, -87.76201285)
(41.69155521, -87.70171101)
(41.82485163, -87.61136133)
(41.79531491, -87.60352964)
(41.70813247, -87.56253582)
(41.876862, -87.74373594)
(41.76687095, -87.62333121)
(41.87855709, -87.7483985)
(41.87437625, -87.72386515)
(41.98181876, -87.6587095)
(41.7408071, -87.64983166)
(41.90023114, -87.69285223)
(41.88428728, -87.66166081)
(41.93416523, -87.75468243)
(41.91009395, -87.76423872)
(41.72254298, -87.62747153)
(41.70320609, -87.64964776)
(41.76554796, -87.56281301)
(41.74271022, -87.63408818)
(41.76504633, -87.65472084)
(41.76659449, -87.61286529)
(41.79718701, -87.66588269)
(41.95994384, -87.76722572)
(41.90724258, -87.71792828)
(41.84471536, -87.69341723)
(41.86832699, -87.76544273)
(41.91765602, -87.68875026)
(41.77303161, -87.67969729)
(41.72628248, -87.65185392)
(41.87282461, -87.65839187)
(41.85143075, -87.72475471)
(41.78195111, -87.69591158)
(41.88920232, -87.61761146)
(41.88654421, -87.76340479)
(41.89581434, -87.76785853)
(41.88686381, -87.6268518)
(41.81168994, -87.64440169)
(41.93843409, -87.77721841)
(41.93442299, -87.70504271)
(41.88733369, -87.68414135)
(41.79554137, -87.73425386)
(41.8945086, -87.62274204)
(41.77619904, -87.6377243)
(41.74937845, -87.60964239)
(41.70163644, -87.6669523)
(41.94546738, -87.65007972)
(41.90206468, -87.77099921)
(41.940031, -87.6450104)
(41.7581979, -87.56514766)
(41.89050595, -87.74418343)
(41.90844365, -87.73383864)
(41.8920906, -87.76345833)
(41.86725154, -87.63959443)
(41.89402396, -87.74953556)
(41.70715463, -87.62419739)
(41.75151489, -87.67560588)
(41.79867632, -87.69027404)
(41.83285557, -87.66561866)
(41.86245163, -87.64001342)
(41.72244262, -87.65175896)
(42.01939924, -87.67504949)
(41.88316482, -87.6445084)
(41.73382663, -87.54341908)
(41.82034323, -87.64175921)
(41.82163979, -87.60467627)
(42.01939924, -87.67504949)
(41.7506342, -87.59181787)
(41.96112596, -87.71344286)
(41.69113332, -87.6836282)
(41.93281253, -87.64435667)
(41.77184205, -87.65672412)
(41.98950274, -87.69572108)
(41.94523828, -87.71267048)
(41.80706599, -87.72356088)
(41.86539738, -87.64066078)
(41.90142898, -87.6698894)
(41.94560012, -87.82786091)
(41.88493098, -87.71622179)
(41.88923839, -87.66221492)
(41.75112348, -87.70975051)
(41.79385623, -87.68470413)
(41.99418032, -87.78873681)
(41.87768102, -87.74611886)
(41.79720363, -87.65373991)
(41.75416912, -87.69417084)
(41.89923586, -87.75944979)
(41.76683499, -87.56979526)
(41.9790063, -87.90646316)
(41.77710775, -87.76778434)
(41.93694608, -87.66964269)
(41.76237922, -87.59002958)
(41.7693292, -87.72252173)
(41.76651359, -87.64808896)
(41.87765298, -87.74815338)
(41.72132587, -87.62058003)
(41.89090025, -87.63939736)
(41.97685185, -87.65499969)
(41.76364755, -87.72234469)
(41.80588717, -87.63328059)
(41.75172995, -87.72458695)
(41.87292494, -87.74499112)
(41.87437625, -87.72386515)
(41.75250765, -87.70490323)
(41.88278344, -87.6367861)
(41.87753079, -87.67251239)
(41.90606929, -87.66512448)
(41.98520373, -87.77496147)
(41.70974902, -87.60895904)
(42.01386669, -87.66881044)
(41.88876633, -87.71245353)
(41.8848616, -87.62792048)
(41.73046132, -87.65357925)
(41.92347847, -87.72429466)
(41.85425748, -87.62609121)
(41.88195741, -87.69980997)
(41.90818039, -87.76462676)
(41.91061026, -87.66925428)
(41.79158696, -87.6693768)
(41.87629691, -87.67031096)
(41.74946658, -87.66827186)
(41.71231086, -87.63084313)
(41.78312236, -87.66349499)
(41.75440062, -87.57726881)
(41.78489863, -87.64733957)
(41.89002297, -87.75880874)
(41.7748433, -87.67258137)
(41.78950198, -87.69368063)
(41.86677184, -87.73008686)
(41.87925606, -87.64434841)
(41.72115386, -87.63232192)
(41.88588808, -87.62794224)
(41.78091601, -87.76428243)
(41.92949482, -87.68391616)
(41.91268817, -87.701942)
(41.74129174, -87.73631198)
(41.78627954, -87.66559616)
(41.86651732, -87.6951787)
(41.85452281, -87.72358383)
(41.95364196, -87.72826108)
(41.85698311, -87.72904826)
(41.88429081, -87.66132659)
(41.78100266, -87.65210712)
(41.79107448, -87.62182106)
(41.96835927, -87.71744335)
(41.8820251, -87.69271827)
(41.8251029, -87.62483086)
(41.88188393, -87.64006044)
(41.88118745, -87.6847801)
(41.70606345, -87.61860993)
(41.91222743, -87.73007052)
(41.76547035, -87.6245013)
(41.83469081, -87.61370565)
(41.84270907, -87.62689001)
(41.89756196, -87.71150149)
(41.92164527, -87.70143114)
(41.90283987, -87.70608712)
(41.93102883, -87.78378017)
(41.94722589, -87.65554544)
(41.75074893, -87.72537681)
(41.87892124, -87.66524582)
(41.99537785, -87.68490589)
(41.93554865, -87.64255207)
(41.85198889, -87.68921912)
(41.95771109, -87.68541656)
(41.88638941, -87.62069099)
(41.83313943, -87.61531921)
(41.80578937, -87.61346065)
(41.80718796, -87.60893712)
(41.99456758, -87.65905678)
(41.8877831, -87.67010039)
(41.96811687, -87.73967036)
(41.96911079, -87.6531991)
(41.85991223, -87.71889256)
(42.00914861, -87.66441471)
(41.82027644, -87.66525042)
(41.85250499, -87.71624361)
(41.78967049, -87.71697495)
(41.75872873, -87.59036492)
(41.87912197, -87.65315906)
(41.84558334, -87.70750551)
(41.90993405, -87.72192157)
(41.92237952, -87.77931636)
(41.87889125, -87.7239985)
(41.89375937, -87.75800763)
(41.77796729, -87.61556835)
(41.91619382, -87.72041053)
(41.88030822, -87.65840126)
(41.71344808, -87.57032855)
(41.77285967, -87.57159345)
(41.6719585, -87.6308904)
(41.94667394, -87.69968794)
(41.7523294, -87.60890194)
(41.81045743, -87.74934491)
(41.7789983, -87.64962424)
(41.73688639, -87.62417085)
(41.9710064, -87.70610276)
(42.01939924, -87.67504949)
(41.97460052, -87.71353654)
(41.87436328, -87.64301304)
(41.82106406, -87.65402331)
(41.89551399, -87.6640151)
(41.79714357, -87.65009153)
(41.77748421, -87.61555541)
(41.87811405, -87.63429213)
(41.75752808, -87.61386098)
(41.71396109, -87.62606742)
(41.96221071, -87.66374034)
(41.88019576, -87.66497916)
(41.79554914, -87.66219575)
(41.78289041, -87.58881376)
(41.86240971, -87.73293991)
(41.7502099, -87.63671499)
(41.87014744, -87.75574112)
(41.79743532, -87.68821072)
(41.75864348, -87.64909998)
(41.79939986, -87.61772043)
(41.75142816, -87.71739223)
(41.86181335, -87.71163139)
(41.80156322, -87.73075022)
(41.91326237, -87.6689843)
(41.92644693, -87.77094315)
(41.85998758, -87.71401683)
(41.86704915, -87.65347429)
(41.88747166, -87.64607069)
(41.87390782, -87.6326049)
(41.8022325, -87.66237175)
(41.84685952, -87.61732389)
(41.66969214, -87.63682977)
(41.76593298, -87.72120501)
(41.7766867, -87.7873985)
(41.86189788, -87.71407182)
(41.8613928, -87.62568954)
(41.87369942, -87.70470516)
(41.68551904, -87.6717132)
(41.91136186, -87.68358933)
(41.93038682, -87.76464638)
(41.85570847, -87.71183367)
(41.69888903, -87.62915834)
(41.87001376, -87.72610215)
(41.87920284, -87.62611365)
(41.94353956, -87.80180884)
(41.91248039, -87.70458562)
(42.01873434, -87.66588196)
(41.89762863, -87.62094437)
(41.87105318, -87.69708687)
(41.83458473, -87.63249826)
(41.83760671, -87.73287456)
(41.74490536, -87.61798876)
(41.70193321, -87.70002018)
(41.86540055, -87.71783042)
(41.87428478, -87.67402187)
(41.84449333, -87.64048627)
(41.95851107, -87.72531051)
(41.74182658, -87.56000409)
(41.77153473, -87.71161309)
(41.83465448, -87.62820053)
(41.86689985, -87.71954524)
(41.92167003, -87.73158365)
(41.96828636, -87.72383495)
(41.88406259, -87.66171824)
(41.89195792, -87.6296641)
(41.89542064, -87.72053941)
(41.79669341, -87.70487149)
(41.73591138, -87.65494703)
(41.7799676, -87.63151308)
(41.93827568, -87.71613777)
(41.81019955, -87.68831375)
(41.78575034, -87.6129772)
(41.86148244, -87.66445823)
(41.67525644, -87.60087573)
(41.77615028, -87.61552262)
(41.87362057, -87.71139214)
(42.00587406, -87.6610015)
(41.98159337, -87.67328011)
(41.89832494, -87.71762823)
(41.69431427, -87.63095844)
(41.93091702, -87.64402427)
(41.69042368, -87.6059503)
(41.67719576, -87.63466603)
(41.92203975, -87.69733018)
(41.65818294, -87.61332106)
(41.94910161, -87.65069157)
(41.82319282, -87.66842667)
(41.91755327, -87.69000053)
(41.79237099, -87.60753814)
(41.79750932, -87.68429689)
(41.95616372, -87.6658404)
(41.77692329, -87.64956929)
(41.77988338, -87.63661391)
(41.86281384, -87.71855274)
(41.77512142, -87.66656978)
(41.91195825, -87.77280445)
(41.92501649, -87.67864433)
(41.69072874, -87.62669542)
(41.8030863, -87.67046476)
(41.76888502, -87.61534336)
(41.74354692, -87.56732668)
(41.84030162, -87.71223966)
(41.76713118, -87.57266194)
(41.80063018, -87.71781249)
(41.76616187, -87.56269203)
(41.8030863, -87.67046476)
(41.96094362, -87.7281295)
(41.93697713, -87.66694833)
(41.9160176, -87.67758263)
(41.76034973, -87.60870178)
(41.91271949, -87.6991605)
(41.80389729, -87.67213989)
(41.91765602, -87.68875026)
(41.89989779, -87.69805318)
(41.84375758, -87.72575227)
(41.90429328, -87.69445001)
(41.95742203, -87.76836571)
(41.93771862, -87.64061377)
(41.87938134, -87.6342012)
(41.96373897, -87.83846882)
(41.80437585, -87.68435596)
(41.89761767, -87.75199319)
(41.64965344, -87.54593012)
(41.87369942, -87.70470516)
(41.75877037, -87.5853615)
(41.78221497, -87.62210968)
(41.80866934, -87.60278753)
(41.91206204, -87.74473472)
(41.86684252, -87.62741371)
(41.84905562, -87.63934328)
(41.84716388, -87.64465616)
(41.84813225, -87.64049104)
(41.89381431, -87.76352381)
(41.90966425, -87.74272882)
(41.85652144, -87.64368214)
(41.9813676, -87.6910504)
(41.77556392, -87.6471091)
(41.82098229, -87.60140023)
(41.77684235, -87.6604954)
(41.88411268, -87.699998)
(41.91048622, -87.67727554)
(41.87660796, -87.62764406)
(41.91317986, -87.75408946)
(41.89167258, -87.76052016)
(41.7492465, -87.70423509)
(41.75423584, -87.64721172)
(41.87082496, -87.69601703)
(41.91317986, -87.75408946)
(41.88563509, -87.7289032)
(41.75117012, -87.61176613)
(41.93341988, -87.79554587)
(41.96103256, -87.72109506)
(41.80637923, -87.68436509)
(41.92319478, -87.72306638)
(41.87494924, -87.64097256)
(41.74331751, -87.70802322)
(41.76312973, -87.62811183)
(41.7020526, -87.66915249)
(41.75655972, -87.66480848)
(41.89309429, -87.77223117)
(41.93826917, -87.82264455)
(41.81838606, -87.69574483)
(41.86920189, -87.67058988)
(41.87279612, -87.70412287)
(41.88888435, -87.71245606)
(41.88870181, -87.64757061)
(41.76907549, -87.63016551)
(41.80987187, -87.66743834)
(41.87164676, -87.72405997)
(41.91096749, -87.71657726)
(41.71145359, -87.61998225)
(41.76691984, -87.57265711)
(41.89354751, -87.72437342)
(41.8958914, -87.67806403)
(41.90372105, -87.71017072)
(41.81069352, -87.68392905)
(41.8454672, -87.63589547)
(41.90752362, -87.69205563)
(41.8860399, -87.62452154)
(41.80074573, -87.6039448)
(41.92054376, -87.64859298)
(41.8554621, -87.62607427)
(41.75593947, -87.65729799)
(41.94532299, -87.76673754)
(41.88360449, -87.7331161)
(41.90351448, -87.66749844)
(41.75968758, -87.58503564)
(41.99586972, -87.67585487)
(41.87380752, -87.69445629)
(41.96484341, -87.69031922)
(41.85491463, -87.67668386)
(41.7816556, -87.7065436)
(41.77866139, -87.61729477)
(41.73459726, -87.55136736)
(41.85874255, -87.7338332)
(41.91463015, -87.71183183)
(41.99060508, -87.67181128)
(41.91102427, -87.68358173)
(41.79757275, -87.60126326)
(41.7439948, -87.5600367)
(41.90113338, -87.62990498)
(41.74770566, -87.55039478)
(41.69141007, -87.62103487)
(41.87845845, -87.74520475)
(41.83464252, -87.62893456)
(41.89729074, -87.7156547)
(41.93877109, -87.64679184)
(41.92246148, -87.77810306)
(41.88332279, -87.72911228)
(41.69216749, -87.65784899)
(41.79647228, -87.70608753)
(41.89484873, -87.76570736)
(41.88615291, -87.77199077)
(41.86449368, -87.639158)
(41.88899385, -87.62693483)
(41.77471573, -87.67378148)
(41.79450951, -87.63330174)
(41.90815957, -87.67400038)
(41.69721425, -87.61837104)
(41.79868322, -87.68661387)
(41.8923808, -87.63465078)
(41.91135888, -87.79728148)
(41.87183889, -87.72613995)
(41.74216573, -87.60216411)
(41.88457744, -87.77193479)
(41.9332557, -87.7979949)
(41.7771207, -87.70429271)
(41.8107073, -87.60391984)
(41.73642222, -87.58811963)
(41.70537273, -87.62140079)
(41.87841598, -87.67901371)
(41.77711404, -87.65443232)
(41.74887514, -87.58589414)
(41.77950807, -87.64721004)
(41.80486936, -87.74063329)
(41.72163173, -87.63058411)
(41.77427529, -87.59293505)
(41.72566114, -87.57543353)
(41.91808651, -87.66800101)
(41.97701762, -87.69244749)
(41.90307749, -87.68367333)
(41.90347807, -87.6314331)
(41.74846628, -87.61121741)
(41.87172874, -87.71679674)
(41.78580435, -87.73578186)
(41.83060676, -87.61932866)
(41.66581486, -87.55885388)
(41.92121426, -87.7474579)
(41.8945635, -87.62274511)
(41.79473349, -87.62019269)
(41.8788337, -87.64256468)
(41.8609112, -87.69574471)
(41.70527124, -87.62897884)
(41.75143227, -87.71713566)
(41.73331883, -87.54700474)
(41.75119824, -87.57231503)
(41.75284376, -87.71884463)
(41.96985114, -87.66761337)
(41.77873052, -87.68484924)
(41.96604284, -87.66395025)
(41.89034615, -87.65227241)
(41.92714774, -87.72072829)
(41.86152851, -87.72870077)
(41.78833989, -87.74051423)
(41.89223638, -87.74932412)
(41.9783588, -87.70874479)
(41.72760778, -87.66160651)
(41.89198447, -87.62416567)
(41.90352381, -87.66674162)
(41.73634572, -87.58563641)
(41.75416912, -87.69417084)
(41.91599076, -87.68737084)
(41.9790063, -87.90646316)
(41.88713285, -87.77260285)
(41.80615947, -87.64381907)
(41.75941661, -87.66671039)
(41.70634541, -87.6885472)
(41.78078055, -87.61081097)
(41.95871497, -87.71061686)
(41.66328734, -87.63329761)
(41.80865583, -87.74317334)
(41.91868677, -87.6603412)
(41.77135299, -87.72430614)
(41.95132559, -87.6811029)
(41.79376659, -87.63297978)
(41.79994037, -87.71967853)
(41.7921955, -87.60495851)
(41.85150583, -87.7275362)
(41.73013272, -87.54620831)
(41.88672349, -87.68009679)
(41.96922209, -87.69504452)
(41.9005639, -87.63056874)
(41.87877425, -87.73357257)
(41.83405197, -87.67367536)
(41.67576116, -87.65819993)
(41.66581486, -87.55885388)
(41.80928103, -87.7027934)
(41.88593109, -87.64865055)
(41.82390409, -87.68824593)
(41.88134862, -87.67452579)
(41.88852595, -87.64432226)
(41.75094076, -87.62518522)
(41.69060696, -87.70444796)
(41.90916143, -87.78407063)
(41.95304846, -87.72759761)
(41.81579416, -87.67412321)
(41.77353162, -87.70087807)
(41.80912527, -87.63190651)
(41.8620174, -87.70676158)
(41.94353956, -87.80180884)
(41.76287839, -87.62650914)
(41.85315404, -87.70285821)
(41.78898704, -87.74147999)
(41.95648805, -87.71544369)
(41.79310055, -87.68891427)
(41.73765631, -87.62263817)
(41.74715785, -87.57468604)
(41.83004508, -87.66555614)
(41.9683309, -87.71983378)
(41.70049493, -87.66934429)
(41.89018042, -87.63699221)
(41.92815864, -87.72608757)
(41.75977642, -87.60787256)
(41.74967273, -87.70239128)
(41.75018542, -87.64402995)
(41.89257743, -87.62153673)
(41.79544636, -87.63302383)
(41.91161365, -87.78670952)
(41.95462957, -87.72924436)
(41.73330488, -87.54857664)
(41.83110167, -87.61771601)
(41.69447416, -87.6684469)
(41.86980735, -87.77182906)
(41.78083528, -87.66425207)
(41.75043464, -87.60394294)
(41.9313361, -87.70863044)
(41.94607745, -87.75079592)
(41.93021104, -87.70562427)
(41.89182053, -87.76655687)
(41.76658535, -87.61623041)
(41.73854958, -87.66070474)
(41.9842626, -87.65803268)
(41.85898836, -87.65890448)
(41.87465895, -87.70103132)
(41.97336071, -87.761223)
(41.74830817, -87.62817879)
(41.87343343, -87.72668296)
(41.9971387, -87.68620135)
(41.8058942, -87.67341045)
(41.906276, -87.67001188)
(41.92684617, -87.72439493)
(41.84074812, -87.68526935)
(41.92607199, -87.6789459)
(41.78553877, -87.73854535)
(41.96277429, -87.77587801)
(41.92339787, -87.68598798)
(41.88236358, -87.7554879)
(41.88603865, -87.67311146)
(41.9211998, -87.79203651)
(41.78524772, -87.73639937)
(41.93872052, -87.75520359)
(41.9637315, -87.78202112)
(41.93239142, -87.72579385)
(41.97726278, -87.68188644)
(41.88654544, -87.67678605)
(41.87380752, -87.69445629)
(41.83210598, -87.61814148)
(41.80113154, -87.61772683)
(41.91712701, -87.68739612)
(41.79287783, -87.69621771)
(41.80922987, -87.72485719)
(41.74563316, -87.73051495)
(41.74763538, -87.60436306)
(41.91065261, -87.66614577)
(41.94072716, -87.65130283)
(41.96906486, -87.65657158)
(41.68647506, -87.63252644)
(41.75055226, -87.59060213)
(41.78956371, -87.72422548)
(41.98362266, -87.68946089)
(41.91122195, -87.68602652)
(41.94281078, -87.72157449)
(41.86550717, -87.72393103)
(41.77692147, -87.71664609)
(41.82153698, -87.62154262)
(41.97629041, -87.90522722)
(41.90067149, -87.73690874)
(41.94219958, -87.68812452)
(41.87931089, -87.76020094)
(41.92480533, -87.69771795)
(41.99004158, -87.65891695)
(41.79461691, -87.62753206)
(41.79759379, -87.63190391)
(41.76505517, -87.61685226)
(41.93076631, -87.6551207)
(41.75144497, -87.70028868)
(41.75469776, -87.65708013)
(41.70068606, -87.63131754)
(41.93707884, -87.776168)
(41.89908504, -87.76554496)
(41.94451847, -87.65017807)
(41.89319425, -87.67574099)
(41.91991432, -87.79940348)
(41.90965604, -87.79113477)
(41.87571216, -87.75834944)
(41.93537083, -87.80021178)
(41.73580544, -87.58400493)
(41.75427226, -87.71911687)
(41.8805215, -87.6448636)
(41.87843009, -87.77132763)
(41.92532964, -87.6564534)
(41.89315295, -87.63662569)
(41.86693602, -87.66035924)
(41.83213549, -87.6193557)
(41.85742217, -87.64929245)
(41.87038976, -87.6259024)
(41.87417167, -87.66820698)
(41.88392995, -87.68011423)
(41.94336382, -87.64112608)
(41.9399192, -87.65342119)
(41.74448977, -87.65722024)
(41.69235865, -87.62309675)
(41.95582944, -87.74737258)
(41.80111081, -87.60742485)
(41.69583379, -87.65596153)
(41.73950375, -87.71732299)
(41.77736752, -87.64080597)
(41.75563503, -87.73239313)
(41.95054859, -87.75803028)
(41.93042919, -87.7109141)
(41.72162944, -87.63065739)
(41.93289261, -87.64033523)
(41.96459737, -87.76376496)
(41.77866606, -87.72214716)
(41.90746894, -87.77342049)
(41.75966876, -87.57921917)
(41.75636447, -87.56511088)
(41.87882764, -87.72909955)
(41.77246024, -87.58262165)
(41.84465027, -87.63063413)
(41.76472805, -87.56127231)
(41.73358129, -87.64111532)
(41.78547317, -87.73965696)
(41.66014072, -87.63891619)
(41.92115913, -87.76710202)
(41.93428599, -87.64249954)
(41.89319992, -87.67529284)
(41.81083542, -87.63198322)
(41.85102174, -87.61895485)
(41.75285075, -87.70491454)
(41.85651472, -87.64990412)
(41.83421935, -87.61818767)
(41.85248994, -87.65656857)
(41.96113638, -87.71232503)
(41.92320917, -87.68270483)
(41.88440035, -87.62210123)
(41.88200469, -87.72894843)
(41.83416954, -87.666471)
(41.86531662, -87.62250369)
(41.97629041, -87.90522722)
(41.89841231, -87.69295856)
(41.91099773, -87.70846507)
(41.80072506, -87.6538274)
(41.82450007, -87.70016758)
(41.72781955, -87.58443477)
(41.80112177, -87.64166886)
(41.7360298, -87.64670207)
(41.85208901, -87.62378435)
(41.99338873, -87.65831879)
(41.87387583, -87.68753439)
(41.80710661, -87.61653062)
(41.88650024, -87.69951169)
(41.84269583, -87.61721984)
(41.8533897, -87.70530049)
(41.75216738, -87.66408811)
(41.89192445, -87.77094859)
(42.00031899, -87.79394545)
(41.93958834, -87.65038506)
(41.76709337, -87.61408769)
(41.83615812, -87.71945009)
(41.75429911, -87.7174674)
(41.79853363, -87.68782929)
(41.81094655, -87.69184234)
(41.998322, -87.76343858)
(41.92388034, -87.77247596)
(41.81259649, -87.70536533)
(41.95619534, -87.71053477)
(41.93969701, -87.75022915)
(42.01818857, -87.66688128)
(41.87904308, -87.7452251)
(41.90812549, -87.76462357)
(41.9066218, -87.71424593)
(41.80213261, -87.61367763)
(41.92636601, -87.65211727)
(41.97868643, -87.80158654)
(41.78475493, -87.5881432)
(41.88388903, -87.73558123)
(41.9224454, -87.77931947)
(41.88623847, -87.73565114)
(41.86579186, -87.62125387)
(41.92923112, -87.64478107)
(41.88920436, -87.65224047)
(41.92848066, -87.69588446)
(41.93789156, -87.72592909)
(41.88320781, -87.63301374)
(41.84388002, -87.7086745)
(41.78551967, -87.73856753)
(41.96586076, -87.70105322)
(41.88222126, -87.67739584)
(41.88572959, -87.62582133)
(41.75487434, -87.60862044)
(41.89688859, -87.62820319)
(41.84270907, -87.62689001)
(41.92978646, -87.79788059)
(41.95242604, -87.67199299)
(41.85859482, -87.62721443)
(41.8536539, -87.72481071)
(41.93706039, -87.78833362)
(41.81821588, -87.69573918)
(41.88889022, -87.76168352)
(41.90296856, -87.74598639)
(41.97649579, -87.90510816)
(41.75460692, -87.62381456)
(41.8949457, -87.75489334)
(41.7850767, -87.73149862)
(41.74194941, -87.61705422)
(41.80769989, -87.67101875)
(41.88428728, -87.66166081)
(41.93272982, -87.71109386)
(41.85261725, -87.71364747)
(41.90837774, -87.75469128)
(41.97004808, -87.65624125)
(41.90794546, -87.77434577)
(41.95471632, -87.66421952)
(41.68423262, -87.64610719)
(41.70572201, -87.70131236)
(41.88777543, -87.67067338)
(41.89426497, -87.63266524)
(41.77999793, -87.62929459)
(41.88747228, -87.64617351)
(41.95045346, -87.64959269)
(41.96238212, -87.66773524)
(41.91292673, -87.715019)
(41.90075244, -87.68452338)
(41.96430661, -87.75283237)
(41.65406118, -87.61643339)
(41.94141352, -87.67725632)
(41.89556017, -87.70572495)
(41.6976906, -87.65298706)
(41.75042043, -87.62136501)
(41.99169448, -87.67180367)
(41.87373742, -87.70162788)
(41.88974191, -87.765198)
(41.96162806, -87.66641945)
(41.68170263, -87.64203769)
(41.92033188, -87.71524514)
(41.90629067, -87.76207569)
(41.7578021, -87.61511139)
(41.87169228, -87.69604146)
(41.90446249, -87.64811831)
(41.74624077, -87.66333249)
(41.80799199, -87.66130296)
(41.79045116, -87.72649793)
(41.92516036, -87.66739469)
(41.69821249, -87.53649135)
(41.86731353, -87.63487974)
(41.75154561, -87.64891517)
(41.90892458, -87.69329068)
(41.87766908, -87.62928477)
(41.75036184, -87.65616183)
(41.6547382, -87.53867776)
(41.80587831, -87.66732932)
(41.77349037, -87.65191167)
(41.78173451, -87.72895234)
(41.74690368, -87.60021215)
(41.71159009, -87.64781925)
(41.8863035, -87.71476531)
(41.67729174, -87.63105205)
(41.93230083, -87.67692709)
(41.88946287, -87.62422294)
(41.78916148, -87.6961115)
(41.75083246, -87.60522475)
(41.96381554, -87.6547703)
(41.78239751, -87.68739352)
(41.85434206, -87.72107484)
(41.90737817, -87.68960309)
(41.97676298, -87.90098372)
(41.74813202, -87.65731395)
(41.78763025, -87.68874905)
(41.98313885, -87.69570367)
(41.98720393, -87.73829762)
(41.79014593, -87.68811146)
(41.78997981, -87.69769485)
(41.73674347, -87.65457921)
(41.90453382, -87.7570256)
(41.68095059, -87.53965125)
(41.79536573, -87.65247946)
(41.7650203, -87.61040868)
(41.75357839, -87.7176612)
(41.75427673, -87.71892625)
(41.92177482, -87.70906176)
(41.83813583, -87.63928146)
(41.88278344, -87.6367861)
(41.75244145, -87.70735563)
(41.9671576, -87.71088397)
(41.88097017, -87.75019053)
(42.01856628, -87.66435282)
(41.88011889, -87.77267151)
(41.87219363, -87.72783657)
(42.01938557, -87.67314702)
(41.74420437, -87.64749809)
(41.73825465, -87.70207436)
(41.92380204, -87.68272453)
(41.87806476, -87.74335401)
(41.75119453, -87.72453338)
(41.76576398, -87.61215246)
(41.92050445, -87.66285744)
(41.79752463, -87.74043692)
(41.78833989, -87.74051423)
(41.68550075, -87.68341762)
(41.93531491, -87.75410972)
(41.88357437, -87.70994788)
(41.81584107, -87.66845503)
(41.76299516, -87.56272259)
(41.81096845, -87.61663429)
(41.9764212, -87.90497627)
(41.69453818, -87.54011034)
(41.89417373, -87.62140147)
(41.74402425, -87.65599391)
(41.84417343, -87.73019642)
(41.74894531, -87.60148253)
(41.85350264, -87.65471894)
(41.87780586, -87.62430777)
(41.75097514, -87.623642)
(41.93083038, -87.79988943)
(41.79290166, -87.75139653)
(41.74613048, -87.7295832)
(41.96893674, -87.71460267)
(41.83458868, -87.72673435)
(41.75132886, -87.71576604)
(41.77005928, -87.72254046)
(41.79145807, -87.71922038)
(41.94340104, -87.72731401)
(41.74659918, -87.61237432)
(41.86611195, -87.72932209)
(41.9173954, -87.70761638)
(41.74216288, -87.66808341)
(41.87864555, -87.63957769)
(41.85780636, -87.65484229)
(41.75054703, -87.59789493)
(42.01440572, -87.6804919)
(41.78772409, -87.7261203)
(41.89070399, -87.71861592)
(41.75089196, -87.72543776)
(41.88517678, -87.67117397)
(41.89275303, -87.6241939)
(41.93696473, -87.74987916)
(41.89656522, -87.63636822)
(41.90884995, -87.64664598)
(41.79186844, -87.76593475)
(41.78947687, -87.59993262)
(41.8226796, -87.61333753)
(41.77755848, -87.78894193)
(41.74614086, -87.65240616)
(41.75185453, -87.73419116)
(42.01646673, -87.68099705)
(41.7807214, -87.64086521)
(41.8645924, -87.6688386)
(42.00584932, -87.6609944)
(41.95730834, -87.89066653)
(41.83745906, -87.6560077)
(41.87503774, -87.74386653)
(41.87296355, -87.7536633)
(41.87765328, -87.74821212)
(41.96902361, -87.7398936)
(41.88430841, -87.66011453)
(41.96390559, -87.88294347)
(41.67904202, -87.63953667)
(42.01853144, -87.68896165)
(41.96472773, -87.72914162)
(41.79203858, -87.7973637)
(41.7513008, -87.56258763)
(41.8934588, -87.61631884)
(41.74750237, -87.56131384)
(41.75090186, -87.62733684)
(41.80495493, -87.61386978)
(41.89997533, -87.72867983)
(41.82129093, -87.61992377)
(41.754416, -87.56264931)
(41.90448398, -87.77301677)
(41.89482155, -87.63213393)
(41.91170499, -87.68603634)
(41.77620982, -87.60709347)
(41.87714227, -87.72125016)
(41.89589602, -87.67791339)
(41.76449391, -87.69578016)
(41.73783111, -87.64366744)
(41.76577498, -87.57258266)
(41.79678511, -87.66708974)
(41.79005176, -87.78172235)
(41.76627108, -87.61688272)
(41.88737458, -87.6792565)
(41.78898704, -87.74147999)
(41.93343194, -87.74111304)
(41.79923065, -87.62096068)
(41.955221, -87.71050749)
(41.99622326, -87.68494145)
(41.74126413, -87.7252904)
(41.75207685, -87.73419642)
(41.78869925, -87.60495409)
(41.87664574, -87.63517102)
(41.68156587, -87.63169746)
(41.97486195, -87.89037215)
(41.71304056, -87.66767325)
(41.98534043, -87.73720418)
(41.76221951, -87.66122365)
(41.95981626, -87.73979153)
(41.78867942, -87.60789147)
(41.80046498, -87.7233704)
(41.73862085, -87.56117107)
(41.75563372, -87.64417322)
(41.85426385, -87.7187631)
(41.81271364, -87.6039631)
(41.78933631, -87.66931935)
(41.75113081, -87.72545749)
(41.77904043, -87.69857282)
(41.87950547, -87.62668316)
(41.68265337, -87.63723548)
(41.94042144, -87.76499829)
(41.90116862, -87.69020911)
(41.70462944, -87.64397476)
(41.71953503, -87.567861)
(41.9862963, -87.65528197)
(41.90703235, -87.69697955)
(41.79703726, -87.65252411)
(41.75893816, -87.57080884)
(41.95523362, -87.74838538)
(41.87664574, -87.63517102)
(41.78126345, -87.76185216)
(41.66602402, -87.62221508)
(41.75290498, -87.67442627)
(41.75269148, -87.72477943)
(41.76600943, -87.71600282)
(41.75172995, -87.72458695)
(41.74876211, -87.71052827)
(41.76015578, -87.55675291)
(41.69348425, -87.62405465)
(41.92764754, -87.76453841)
(41.71568082, -87.64305821)
(41.89747623, -87.69487792)
(41.89766844, -87.75443902)
(41.73295399, -87.57561892)
(41.90317736, -87.67806668)
(41.8460516, -87.72675454)
(41.69161075, -87.62865923)
(41.77813962, -87.60588017)
(41.88909698, -87.70513082)
(41.96172841, -87.73703458)
(41.89427464, -87.66608119)
(41.86174715, -87.72748727)
(41.72782151, -87.58431386)
(42.00920041, -87.6610695)
(41.8913209, -87.75224495)
(41.88338986, -87.69880797)
(41.77432106, -87.61308677)
(41.78763526, -87.64376826)
(41.85249127, -87.71624374)
(41.7945114, -87.60621581)
(41.78473844, -87.58813972)
(41.74945679, -87.55406744)
(41.9289782, -87.70751055)
(41.89589764, -87.67771504)
(41.89311079, -87.75182838)
(41.89358108, -87.720366)
(41.69773537, -87.64897337)
(41.9012153, -87.68581904)
(41.95511667, -87.75782377)
(41.89996236, -87.72622256)
(41.88042522, -87.75095928)
(41.92776499, -87.75727223)
(41.73886137, -87.65585397)
(41.91997507, -87.77242932)
(41.74496132, -87.73851326)
(41.77809913, -87.63382853)
(41.8409601, -87.64026015)
(41.7728422, -87.62238919)
(41.69228943, -87.64785213)
(41.86561907, -87.71661681)
(41.86163742, -87.65485686)
(41.84522446, -87.70260209)
(41.90320012, -87.75158256)
(41.97465488, -87.65148524)
(41.68893571, -87.65849422)
(41.82906505, -87.62651902)
(41.77697171, -87.71374198)
(41.90551027, -87.71269909)
(41.91857831, -87.63618385)
(41.82597644, -87.66906195)
(41.79612761, -87.74040212)
(41.8020092, -87.6220632)
(42.00761127, -87.66572597)
(41.79969958, -87.730698)
(41.88901115, -87.76893217)
(41.8949172, -87.75741324)
(41.96317168, -87.65960485)
(41.76544164, -87.58366018)
(41.66441673, -87.62324654)
(41.72573815, -87.65913496)
(41.89757743, -87.6372057)
(41.73369753, -87.61930019)
(41.79632425, -87.69961618)
(41.88889392, -87.76132358)
(41.83144108, -87.66919993)
(41.86763617, -87.70448554)
(41.76267237, -87.65283985)
(41.74383808, -87.56490112)
(41.75279076, -87.70248168)
(41.76677448, -87.5664786)
(41.7685973, -87.66076119)
(41.79445921, -87.70180553)
(41.82508248, -87.62641606)
(41.87321963, -87.67586867)
(41.67192455, -87.63930564)
(41.68073426, -87.61965171)
(41.7467592, -87.73593519)
(41.90113338, -87.62990498)
(41.75496506, -87.72089143)
(41.7512289, -87.72636176)
(41.96843569, -87.71024641)
(41.77798489, -87.73983235)
(41.77695054, -87.65928809)
(41.74278474, -87.73580348)
(41.76420449, -87.66986812)
(41.8035264, -87.73937664)
(41.80151246, -87.65055125)
(41.77127998, -87.68586275)
(41.78902377, -87.70098983)
(41.79536399, -87.70215237)
(41.85779668, -87.65320521)
(41.8963293, -87.65146689)
(41.91115121, -87.63598179)
(41.81873283, -87.6409291)
(41.88660357, -87.68996593)
(41.8925844, -87.72232947)
(41.76324554, -87.71746616)
(41.78251596, -87.70932178)
(41.88030381, -87.63697827)
(41.74865092, -87.71790617)
(41.8018458, -87.72708361)
(41.79357081, -87.70044641)
(41.69348107, -87.62442815)
(41.96959276, -87.67419829)
(41.74144359, -87.71063198)
(41.65648088, -87.53868196)
(41.88227929, -87.76222719)
(41.72807566, -87.62883604)
(41.89192391, -87.77083841)
(41.916275, -87.79812581)
(41.93725942, -87.72782423)
(41.74292194, -87.73844414)
(41.90267862, -87.72560174)
(41.80630839, -87.65639827)
(41.91213841, -87.63315682)
(41.85708654, -87.72060083)
(41.77318952, -87.67132991)
(41.95693591, -87.75833681)
(41.89956338, -87.74929777)
(41.74625997, -87.66333229)
(41.91333906, -87.79002712)
(41.86327875, -87.73119901)
(41.93722767, -87.64430547)
(41.80385163, -87.60644397)
(41.73498785, -87.66547555)
(41.78215592, -87.68982316)
(41.77571409, -87.67320667)
(41.87263659, -87.71670356)
(41.80517798, -87.73085206)
(41.87265381, -87.72663526)
(41.67747839, -87.63105734)
(41.93692706, -87.75273525)
(41.95025167, -87.78254166)
(41.8202485, -87.61602088)
(41.77160218, -87.65793272)
(41.80057425, -87.69154604)
(41.67063369, -87.63235423)
(41.89223823, -87.74914781)
(41.80672653, -87.67069133)
(41.76132442, -87.55790805)
(41.75872951, -87.5900607)
(41.88126664, -87.67986962)
(41.88573035, -87.63355909)
(41.73176611, -87.62382417)
(41.87318732, -87.71807883)
(41.94162618, -87.70647901)
(41.70273228, -87.62577669)
(41.75167301, -87.72835487)
(41.81653217, -87.62343594)
(41.8597639, -87.69570839)
(41.74102592, -87.64740733)
(41.87834271, -87.70974169)
(41.96230992, -87.65959187)
(41.96517893, -87.67351943)
(41.79446258, -87.77055822)
(41.87801112, -87.62067025)
(41.85308595, -87.67650802)
(41.92095552, -87.71588583)
(41.77416712, -87.60824566)
(41.7862416, -87.64981129)
(41.92470803, -87.70798589)
(41.72945809, -87.5442749)
(41.92087522, -87.63889997)
(41.75187315, -87.72364375)
(41.75135862, -87.56016455)
(41.88298298, -87.72194356)
(41.83576633, -87.64500955)
(41.86823393, -87.70489822)
(41.89795678, -87.72371812)
(41.77217154, -87.66566552)
(41.90312223, -87.75900724)
(41.90720556, -87.72644048)
(41.90772161, -87.66517338)
(41.94041283, -87.65105257)
(41.75416071, -87.58337367)
(41.73667958, -87.54445398)
(41.873632, -87.71046308)
(41.76337481, -87.5836036)
(41.90761994, -87.76118583)
(41.79576708, -87.58088648)
(41.83233723, -87.62179358)
(41.88428728, -87.66166081)
(41.92519967, -87.73169013)
(41.79085762, -87.60777157)
(41.89593993, -87.73103188)
(41.75926639, -87.67973071)
(41.78539036, -87.63422228)
(41.96116716, -87.70990175)
(41.71413531, -87.62361156)
(41.90934492, -87.67254072)
(41.75130534, -87.60362891)
(41.89276663, -87.66820141)
(41.9054867, -87.71494385)
(41.87111504, -87.69045538)
(41.7947687, -87.68106805)
(41.86284846, -87.71579908)
(41.74640331, -87.65362731)
(41.79182246, -87.65845757)
(41.82345813, -87.68897684)
(41.94243339, -87.75030714)
(41.89097603, -87.66749279)
(41.85005077, -87.62702211)
(41.73209814, -87.66454194)
(41.85552494, -87.6978538)
(41.9449211, -87.65467663)
(41.85005077, -87.62702211)
(41.88567477, -87.66429408)
(41.87966566, -87.7047495)
(41.70963876, -87.64047862)
(41.74641044, -87.72959157)
(41.82228958, -87.60979052)
(41.89194559, -87.76854641)
(41.75702607, -87.63841517)
(41.95406009, -87.68520355)
(41.91000536, -87.71575991)
(41.88051722, -87.72322293)
(41.76217915, -87.68184905)
(41.77395728, -87.6106566)
(41.89976393, -87.66386419)
(41.92891543, -87.65909816)
(41.91113113, -87.64585002)
(41.80676822, -87.63330401)
(41.92063575, -87.65345324)
(41.84911071, -87.70517351)
(41.97685185, -87.65499969)
(41.88652456, -87.74428244)
(41.76659449, -87.61286529)
(41.67552389, -87.64183294)
(41.75213322, -87.64163799)
(41.93844527, -87.70340441)
(41.77246416, -87.71195605)
(41.86973654, -87.62588757)
(41.84351555, -87.71843291)
(41.66505223, -87.62572459)
(41.73002834, -87.60270475)
(41.76205919, -87.68929093)
(41.93911807, -87.72538083)
(41.88439842, -87.61342353)
(41.87754925, -87.75639785)
(41.74871816, -87.73637144)
(41.94333861, -87.64332075)
(41.80523482, -87.61386665)
(41.7729945, -87.66892337)
(41.98130676, -87.69737332)
(41.90982929, -87.67660996)
(41.89026191, -87.75175873)
(41.78149089, -87.716166)
(41.87358604, -87.71414259)
(41.79997883, -87.60634471)
(41.87949895, -87.6269623)
(41.95569269, -87.65616529)
(41.9658753, -87.66392627)
(41.97994351, -87.66182234)
(41.75252435, -87.63597533)
(41.87137115, -87.62751442)
(41.86565909, -87.72515212)
(41.90208465, -87.63604372)
(41.93032243, -87.77107448)
(41.87077803, -87.68615202)
(41.74946618, -87.60441931)
(41.94933263, -87.64847244)
(41.87949026, -87.74627121)
(41.87191185, -87.75789884)
(41.74873721, -87.60026458)
(41.86774381, -87.69960521)
(41.85386611, -87.65214568)
(41.66427822, -87.63377729)
(41.85491798, -87.65879308)
(41.95231224, -87.68039803)
(41.93791173, -87.72714913)
(41.78992069, -87.64139326)
(41.89144754, -87.61768188)
(41.89262841, -87.63115524)
(41.89262841, -87.63115524)
(41.92815051, -87.65039683)
(41.7608492, -87.65036673)
(41.70968488, -87.65743857)
(41.86623521, -87.72047309)
(41.88428728, -87.66166081)
(41.77419526, -87.59971081)
(41.90980187, -87.64796936)
(41.83916874, -87.64630521)
(41.83101741, -87.61696475)
(41.72933537, -87.6059438)
(41.9004401, -87.63954386)
(41.78315072, -87.78304646)
(41.75131717, -87.56380046)
(41.80160911, -87.61773619)
(41.74640331, -87.65362731)
(41.79528167, -87.63301829)
(41.9458639, -87.76791271)
(41.88120318, -87.64734233)
(41.94364025, -87.64786438)
(41.77188602, -87.68919997)
(41.88316482, -87.6445084)
(41.95431394, -87.72923631)
(41.76985558, -87.66759575)
(41.69578692, -87.62319451)
(41.8441437, -87.73237671)
(41.92532658, -87.73972915)
(41.7511264, -87.61442355)
(41.82200045, -87.68840445)
(41.73988378, -87.63728462)
(41.7713079, -87.66156869)
(41.97460566, -87.66081929)
(41.67498412, -87.5400064)
(41.90377576, -87.63932407)
(41.98546128, -87.79206629)
(41.68798936, -87.63740129)
(41.78731659, -87.74484681)
(41.7166794, -87.62274113)
(41.87380752, -87.69445629)
(41.91993124, -87.69567561)
(41.94263267, -87.73516519)
(41.78532937, -87.70088313)
(41.84021427, -87.70979274)
(41.73585717, -87.62415286)
(41.72376575, -87.61137683)
(41.93798891, -87.63947514)
(41.76416986, -87.59492063)
(41.86319483, -87.65092698)
(41.82876229, -87.61443616)
(41.78836625, -87.73977328)
(41.74656406, -87.6212647)
(41.76029083, -87.67219921)
(41.89544529, -87.71796442)
(41.84148595, -87.72690776)
(41.98620022, -87.81909106)
(41.686851, -87.60949786)
(41.96699471, -87.72555343)
(41.70359845, -87.55961642)
(41.75442493, -87.63486994)
(41.92367262, -87.78630161)
(41.86249155, -87.70715343)
(41.85308231, -87.67683107)
(41.79432621, -87.64383223)
(42.00073179, -87.76795699)
(41.84550935, -87.71359862)
(41.9206596, -87.74044483)
(41.65922102, -87.64250141)
(42.00547589, -87.82041126)
(41.77670942, -87.70185872)
(41.89345494, -87.6170204)
(41.93748663, -87.77991335)
(41.8760445, -87.73635566)
(41.9441538, -87.66515334)
(41.75889049, -87.64910469)
(41.6871822, -87.68960992)
(41.86020462, -87.72743942)
(41.89208347, -87.76202233)
(41.84150607, -87.7281223)
(41.65769335, -87.59583448)
(41.79956371, -87.67446562)
(41.89208347, -87.76202233)
(41.9027987, -87.71011724)
(41.91928148, -87.64127985)
(41.96113716, -87.71246841)
(41.88573428, -87.76388206)
(41.87105112, -87.69721172)
(41.76581594, -87.57629172)
(41.80882412, -87.74441525)
(41.93978534, -87.7162004)
(41.93731008, -87.66615834)
(41.92077569, -87.7853563)
(42.01710778, -87.66884662)
(41.87965847, -87.73420691)
(41.98575918, -87.69316901)
(41.74910816, -87.59178412)
(41.88084893, -87.76320937)
(41.89703903, -87.686875)
(41.67170053, -87.6344912)
(41.84110344, -87.62685262)
(41.83568634, -87.62064461)
(42.0085733, -87.6678868)
(41.74855686, -87.58548007)
(41.70111821, -87.61115417)
(41.89721928, -87.6746492)
(41.75717252, -87.64542121)
(41.86221827, -87.63908716)
(41.89537746, -87.73841984)
(41.87038976, -87.6259024)
(41.82482513, -87.61369873)
(41.9161527, -87.68737655)
(41.84954016, -87.6659994)
(41.81488456, -87.70424247)
(42.00675625, -87.66216225)
(41.82635856, -87.63313467)
(41.89589602, -87.67791339)
(41.77503206, -87.68841328)
(41.96025965, -87.78365041)
(41.72957199, -87.65680518)
(41.94025016, -87.7272152)
(41.92524638, -87.66143346)
(41.8805215, -87.6448636)
(42.0067564, -87.662188)
(41.70473413, -87.61491862)
(41.88683926, -87.67251195)
(41.92815899, -87.66583844)
(41.77809913, -87.63382853)
(41.76241035, -87.64296079)
(41.93908123, -87.72827746)
(41.87683012, -87.6348055)
(41.86332087, -87.73242844)
(41.76566456, -87.5621958)
(41.76330531, -87.55987085)
(41.69256976, -87.62439788)
(41.96672179, -87.65479462)
(41.78582243, -87.78278895)
(41.94973051, -87.75035461)
(41.90389478, -87.63181425)
(41.69795891, -87.63098469)
(41.97609503, -87.69235009)
(41.89311778, -87.63942845)
(41.79071161, -87.73534392)
(41.72134722, -87.65215149)
(41.79153293, -87.665736)
(41.80178091, -87.70379485)
(41.79515862, -87.79908331)
(41.76845219, -87.71759965)
(41.75711841, -87.64784806)
(41.88408088, -87.72146671)
(41.88409095, -87.65953292)
(41.84177603, -87.71593935)
(41.8405582, -87.72531647)
(41.80395064, -87.59187829)
(41.89607951, -87.66688148)
(42.01381673, -87.70276056)
(41.77592001, -87.73854624)
(41.94225239, -87.6434023)
(41.93958834, -87.65038506)
(41.99485983, -87.78448213)
(41.74999649, -87.63185796)
(41.76647715, -87.57876922)
(41.77960002, -87.73377531)
(41.8860399, -87.62452154)
(41.77957871, -87.60043771)
(41.92387787, -87.7725311)
(41.85639535, -87.7114783)
(41.79222972, -87.6240232)
(41.87751377, -87.68932272)
(41.73279558, -87.57075541)
(41.87137115, -87.62751442)
(41.78762892, -87.74420959)
(41.80912527, -87.63190651)
(41.89852549, -87.69801903)
(41.87900341, -87.66051906)
(41.89500328, -87.62152816)
(41.87153053, -87.74492681)
(41.87268017, -87.71409259)
(41.76947263, -87.68948438)
(41.74449304, -87.659646)
(41.7366862, -87.56363806)
(41.87610993, -87.68466253)
(41.88426878, -87.68275853)
(41.87948007, -87.73053285)
(41.89231003, -87.63972734)
(41.82792886, -87.67643502)
(41.90347807, -87.6314331)
(41.96853307, -87.65481217)
(41.8944291, -87.75803467)
(41.87387501, -87.68738753)
(41.86426871, -87.71048054)
(41.95747882, -87.78059704)
(41.68556709, -87.66578554)
(41.80049165, -87.69642837)
(41.98227034, -87.80694126)
(41.87172941, -87.71692156)
(41.86729895, -87.77348477)
(41.92558236, -87.71335344)
(41.98313695, -87.69585448)
(41.7336307, -87.62091297)
(41.90037659, -87.67108308)
(41.77057736, -87.64984197)
(41.75026944, -87.63793469)
(41.88249095, -87.65671477)
(41.88673892, -87.7683756)
(41.70736652, -87.56208353)
(41.82414601, -87.65080613)
(41.87749403, -87.67471226)
(41.68987489, -87.62218679)
(41.7720968, -87.63871077)
(41.82620268, -87.66784884)
(41.82500895, -87.66643399)
(41.88369578, -87.72698618)
(41.949254, -87.67013628)
(41.75416787, -87.65192918)
(41.90826986, -87.73629798)
(41.74893733, -87.67309995)
(41.75446727, -87.69350086)
(41.90643374, -87.62876676)
(41.85093135, -87.63504697)
(41.7946704, -87.63178543)
(41.7299491, -87.60708722)
(41.91126995, -87.68968522)
(41.67164714, -87.64657781)
(41.76438802, -87.64006585)
(41.8785867, -87.63079857)
(41.72239751, -87.67604943)
(41.66381434, -87.55805441)
(41.89290436, -87.6145474)
(41.93629539, -87.65271359)
(41.77279778, -87.68346828)
(41.75685271, -87.6775525)
(41.9634958, -87.70465053)
(41.75281024, -87.5638266)
(42.01939924, -87.67504949)
(41.88632079, -87.62068808)
(41.77867736, -87.66787481)
(41.91212319, -87.66044689)
(41.89951213, -87.69679709)
(41.65116595, -87.54839253)
(41.85285441, -87.62507892)
(41.68073434, -87.66863229)
(41.65116595, -87.54839253)
(41.75245968, -87.57966637)
(41.94281078, -87.72157449)
(41.83638523, -87.66571041)
(41.75672972, -87.56269126)
(41.91093678, -87.67832532)
(41.76812646, -87.64934013)
(42.01939924, -87.67504949)
(41.87758381, -87.66933561)
(41.91160956, -87.67936551)
(41.75289138, -87.57479078)
(41.74800787, -87.57291705)
(41.77577396, -87.73000916)
(41.94484322, -87.64941371)
(41.95051937, -87.73671263)
(41.80382933, -87.62217144)
(41.75487857, -87.72217132)
(41.77002086, -87.6913338)
(41.8640073, -87.70681925)
(41.8054923, -87.60162425)
(41.806923, -87.63258342)
(41.87843142, -87.75829201)
(41.85063726, -87.72106613)
(41.96498799, -87.6572104)
(41.68519641, -87.63301258)
(41.74979742, -87.64522877)
(41.7677188, -87.56981778)
(41.91420645, -87.64112159)
(41.93327653, -87.64668539)
(41.85065629, -87.62374879)
(41.88366671, -87.63853553)
(41.90414866, -87.67563961)
(41.93455445, -87.71459698)
(41.7546735, -87.5585012)
(41.73863734, -87.65462888)
(41.90377576, -87.63932407)
(41.9817879, -87.71004636)
(41.89589602, -87.67791339)
(41.70581809, -87.67301027)
(41.75837201, -87.64454343)
(41.72947795, -87.56215614)
(41.99090946, -87.69454465)
(41.89659, -87.63457551)
(41.9685661, -87.69452891)
(41.7946704, -87.63178543)
(41.94446545, -87.65512256)
(41.99598293, -87.68563182)
(41.99496075, -87.68734173)
(41.86221827, -87.63908716)
(41.79446258, -87.77055822)
(41.84451499, -87.70534325)
(41.89373665, -87.76060089)
(41.88764063, -87.61934028)
(41.88176785, -87.74893473)
(41.72827007, -87.54912515)
(41.87912197, -87.65315906)
(41.95805237, -87.69836564)
(41.78557418, -87.73849369)
(41.72602849, -87.54839778)
(41.71977247, -87.56232714)
(41.73780905, -87.58657573)
(41.97074997, -87.74903773)
(41.79478675, -87.59133849)
(41.72118063, -87.62371719)
(41.94378291, -87.74533994)
(41.86004252, -87.72377368)
(41.71197393, -87.62602328)
(41.8843511, -87.66366156)
(41.93149167, -87.74966811)
(41.92796867, -87.64476158)
(41.85348134, -87.72590985)
(41.89006417, -87.61763856)
(41.73664991, -87.55418198)
(41.72727605, -87.55671674)
(41.83913032, -87.64630562)
(41.89116226, -87.63961488)
(41.9209917, -87.76709615)
(41.86023061, -87.71890053)
(41.69210887, -87.66236408)
(41.87095486, -87.70665595)
(41.77358665, -87.69742415)
(41.94083278, -87.65291528)
(41.73327429, -87.55133578)
(41.69226209, -87.71308736)
(41.75587041, -87.65955635)
(41.81275368, -87.69801997)
(41.69704531, -87.63102759)
(41.89332302, -87.75309727)
(41.8909614, -87.62247652)
(41.78741729, -87.69484173)
(41.77592439, -87.59974609)
(41.76792236, -87.67118245)
(41.90660726, -87.69357098)
(41.87490098, -87.6946804)
(41.83980401, -87.62796418)
(41.9362756, -87.66853969)
(41.88198237, -87.69737505)
(41.6839434, -87.61981394)
(41.86502881, -87.72635859)
(41.74267278, -87.69163195)
(41.91075596, -87.72269626)
(41.9764212, -87.90497627)
(42.00668228, -87.68802526)
(41.91469489, -87.64476833)
(42.01794869, -87.68343279)
(41.93851456, -87.68674295)
(41.91864652, -87.64613311)
(41.89792635, -87.73673593)
(41.98520929, -87.73415255)
(41.80912527, -87.63190651)
(41.88731048, -87.68537555)
(41.76198833, -87.56482022)
(41.75268755, -87.72507266)
(41.89500328, -87.62152816)
(41.82271655, -87.69822601)
(41.78832401, -87.74169143)
(42.01992584, -87.67308991)
(41.80850483, -87.61018408)
(41.80088187, -87.60032704)
(41.86928729, -87.6649643)
(41.73693038, -87.58439122)
(41.96503714, -87.75621223)
(41.89753369, -87.62734394)
(41.76412213, -87.65575691)
(41.99638529, -87.68983993)
(41.8866114, -87.66114802)
(41.79476797, -87.61823402)
(41.95265763, -87.69942648)
(41.89000579, -87.71227993)
(41.89421454, -87.71261747)
(41.72864439, -87.61916198)
(41.82535159, -87.6001764)
(41.77456853, -87.59971755)
(41.90054794, -87.66986546)
(41.91713789, -87.68494531)
(41.8990954, -87.71801386)
(41.68684468, -87.61945605)
(41.8789561, -87.66322217)
(41.88401348, -87.62789676)
(41.97665065, -87.78361613)
(41.71791773, -87.63628732)
(41.74532492, -87.60138073)
(41.83159293, -87.65201862)
(41.799631, -87.74660824)
(41.87768295, -87.74596094)
(41.82307777, -87.64105472)
(41.95488355, -87.69949266)
(41.82000207, -87.69865272)
(41.76326226, -87.58359758)
(41.88180614, -87.74622063)
(41.86730888, -87.69836858)
(41.76645283, -87.68733721)
(41.87319158, -87.74347226)
(41.83063411, -87.61447393)
(41.96773381, -87.67257011)
(41.75636447, -87.56511088)
(41.88563497, -87.72888117)
(41.89074087, -87.71373454)
(41.8884167, -87.75046436)
(41.91858234, -87.68804282)
(41.88138649, -87.67204302)
(41.87144938, -87.67823296)
(41.7951417, -87.63301615)
(41.75224293, -87.62141084)
(41.80320274, -87.73202222)
(41.87410798, -87.67238609)
(41.99578169, -87.69873383)
(41.97417446, -87.84277163)
(41.87037604, -87.62590255)
(41.82765698, -87.67400519)
(41.72272515, -87.55456635)
(41.86747179, -87.70203467)
(41.7630161, -87.59090925)
(41.81582629, -87.67064522)
(41.68480988, -87.64214721)
(41.94204082, -87.71258754)
(41.86327623, -87.642053)
(41.92785041, -87.64884926)
(41.88428728, -87.66166081)
(41.76233121, -87.56397676)
(41.94806847, -87.64312638)
(41.88316482, -87.6445084)
(41.68092135, -87.63356412)
(41.79416186, -87.65587701)
(41.91979064, -87.66186549)
(41.80048171, -87.73227138)
(41.8159946, -87.64330272)
(41.89578883, -87.76215092)
(41.87383454, -87.69191885)
(41.94394845, -87.64938651)
(41.90347807, -87.6314331)
(41.93788918, -87.6452466)
(41.87941984, -87.74057649)
(41.77240799, -87.5880845)
(41.81902761, -87.66521938)
(41.80606625, -87.65396536)
(41.75085102, -87.55530025)
(41.88677625, -87.64910059)
(41.76100167, -87.55969693)
(41.89615728, -87.66185967)
(41.90152873, -87.64168096)
(41.72216016, -87.65783533)
(41.88280679, -87.63385539)
(41.78064577, -87.67515062)
(41.87708052, -87.72616011)
(41.72092761, -87.62987749)
(41.95275033, -87.72570716)
(41.88220994, -87.76706412)
(41.96029452, -87.67595967)
(41.88574102, -87.62991594)
(41.75616446, -87.55253863)
(41.7217634, -87.6216558)
(41.71808976, -87.65587438)
(41.88153719, -87.63086908)
(41.76876025, -87.58884154)
(41.78168353, -87.59785455)
(41.88291357, -87.66138876)
(41.83107329, -87.62021144)
(41.90670244, -87.63007161)
(41.78930675, -87.69855956)
(41.88428728, -87.66166081)
(41.77516389, -87.58775931)
(41.99458416, -87.65767711)
(41.90562005, -87.68343448)
(41.89801322, -87.71273863)
(41.80512673, -87.60889432)
(41.79344316, -87.58221916)
(41.90851427, -87.70696837)
(41.74361042, -87.56245975)
(41.88401431, -87.73067384)
(41.86634153, -87.7111543)
(41.99841778, -87.67228588)
(41.8776081, -87.73782091)
(41.74801553, -87.65245964)
(41.9253604, -87.70483031)
(41.90985725, -87.74611428)
(41.88377641, -87.64125184)
(41.86551948, -87.76987309)
(41.80608462, -87.70391777)
(41.87548131, -87.7533725)
(41.74926186, -87.54921419)
(41.8340864, -87.64860894)
(41.8307508, -87.62664357)
(41.68039031, -87.6590411)
(41.83805499, -87.64545841)
(41.87728917, -87.7451604)
(41.89788125, -87.64298387)
(41.80314348, -87.60816112)
(41.85976101, -87.73232228)
(41.88574096, -87.62499491)
(41.91034593, -87.68543287)
(42.00764026, -87.68807077)
(41.86365988, -87.62574164)
(41.7530916, -87.60618139)
(41.90377576, -87.63932407)
(41.77730987, -87.64080292)
(41.88317181, -87.74175366)
(41.74852319, -87.66412963)
(41.87711188, -87.72379142)
(41.7292758, -87.54690751)
(41.91188383, -87.77895524)
(41.85571626, -87.71633387)
(41.75605723, -87.65492916)
(41.96640935, -87.64885216)
(41.79519055, -87.58800765)
(41.80833758, -87.62118991)
(41.88974191, -87.765198)
(41.90377576, -87.63932407)
(41.96847618, -87.80715412)
(41.8609112, -87.69574471)
(41.79694719, -87.69023265)
(41.80428745, -87.71765279)
(41.89194817, -87.62807389)
(41.84085918, -87.62684797)
(41.83749087, -87.64382779)
(41.72655702, -87.60837462)
(41.74997579, -87.62579683)
(41.89537457, -87.620334)
(41.70341974, -87.63137203)
(41.88574103, -87.63171175)
(41.74572518, -87.66574904)
(41.86298561, -87.70365738)
(41.91357313, -87.76192625)
(41.75124343, -87.55773255)
(41.95045346, -87.64959269)
(41.89484604, -87.63030454)
(41.80324701, -87.62430514)
(41.76191548, -87.59088529)
(41.96738731, -87.69376114)
(41.90308907, -87.76171117)
(41.94651217, -87.71685233)
(41.93880761, -87.64923195)
(41.76302702, -87.58624307)
(41.92830579, -87.73794127)
(41.90214142, -87.76595868)
(41.75592903, -87.65738973)
(41.80383101, -87.6551223)
(41.7948982, -87.68406653)
(41.80171934, -87.63070362)
(41.75020753, -87.62822763)
(41.77929591, -87.64477419)
(41.75360285, -87.55438745)
(41.75563503, -87.73239313)
(41.9837949, -87.7137784)
(41.88429081, -87.66132659)
(41.77588725, -87.60339432)
(41.77865042, -87.67510869)
(42.01871803, -87.68651989)
(41.79459021, -87.62899557)
(41.9922938, -87.68110416)
(41.92948824, -87.66225256)
(41.96423168, -87.64997854)
(42.01291539, -87.67468582)
(41.70690188, -87.64445587)
(41.95105804, -87.64377054)
(41.93591605, -87.74550041)
(41.72900361, -87.59737137)
(41.78671378, -87.66712436)
(41.73516043, -87.64358976)
(41.75438669, -87.57848938)
(41.8981283, -87.6429959)
(41.78511779, -87.7278279)
(41.78449901, -87.6558394)
(41.91039873, -87.74467652)
(41.8455553, -87.69641469)
(41.86458345, -87.68649718)
(41.86742869, -87.62634257)
(41.93910402, -87.64785783)
(41.83107514, -87.62006832)
(41.72276838, -87.62441036)
(41.87344372, -87.72499755)
(41.83795422, -87.60810953)
