(41.90100347, -87.64928299)
(41.94532987, -87.7372058)
(41.76645596, -87.64808958)
(41.75140625, -87.71893897)
(41.73093768, -87.66413633)
(41.8248271, -87.61357396)
(41.90916712, -87.67742865)
(41.99779254, -87.80536757)
(41.90432685, -87.72178405)
(41.7758593, -87.7567822)
(41.80915031, -87.71102943)
(41.88289516, -87.6966903)
(41.89746616, -87.76670163)
(41.69257474, -87.62387059)
(41.70293871, -87.61966257)
(41.76172759, -87.564816)
(41.74213103, -87.56365732)
(41.70293871, -87.61966257)
(41.88344912, -87.67424715)
(41.699829, -87.71577933)
(41.83881455, -87.62326312)
(41.71772777, -87.5688714)
(41.87205421, -87.74644206)
(41.87363542, -87.71008119)
(41.92164505, -87.72424229)
(41.96339578, -87.71198688)
(41.72299773, -87.6153819)
(41.75932713, -87.58615404)
(41.74466312, -87.62807943)
(41.79541079, -87.69968752)
(41.87822966, -87.62672659)
(41.69829785, -87.5389107)
(41.77299898, -87.57647854)
(42.01824468, -87.69018631)
(41.78642296, -87.74183725)
(41.88899385, -87.62693483)
(41.87609167, -87.64247671)
(41.72214649, -87.59794414)
(41.96830306, -87.72233083)
(41.96608155, -87.6579085)
(41.79987872, -87.73927463)
(41.76431914, -87.70691396)
(41.8103169, -87.6151303)
(41.82619636, -87.67150324)
(41.87186844, -87.70661031)
(41.92144213, -87.69496976)
(41.93947561, -87.68635834)
(41.90267862, -87.72560174)
(41.75629246, -87.60287973)
(41.76625691, -87.57449773)
(41.77148651, -87.67249118)
(41.76634601, -87.65778991)
(41.99672153, -87.6886299)
(41.72215235, -87.65418332)
(41.97028143, -87.65765453)
(41.67172091, -87.54957766)
(41.88422978, -87.76541209)
(41.80095117, -87.59401071)
(41.70550556, -87.66925612)
(41.87602804, -87.6920695)
(41.76371308, -87.56543009)
(41.78642055, -87.69276891)
(41.94333861, -87.64332075)
(41.75006615, -87.55489562)
(41.96823308, -87.72881065)
(41.78966049, -87.6511134)
(41.84347488, -87.72574393)
(41.8796379, -87.73605416)
(41.78899249, -87.73039126)
(41.94128609, -87.64930838)
(41.94225005, -87.64301271)
(41.93999807, -87.82886079)
(41.83411568, -87.72914966)
(41.96349619, -87.71076518)
(41.87655273, -87.76347154)
(41.89554991, -87.70686)
(41.75192833, -87.64407726)
(41.91773866, -87.67861952)
(41.98346279, -87.7137669)
(41.81541953, -87.70271119)
(41.95733383, -87.6506221)
(41.93538443, -87.76638816)
(41.78334518, -87.71396661)
(41.93389917, -87.70060456)
(41.88426878, -87.68275853)
(41.9790063, -87.90646316)
(41.79725199, -87.66102644)
(41.72608279, -87.65428114)
(41.85231838, -87.63478963)
(41.91134384, -87.63471588)
(41.92096187, -87.66317968)
(41.74767234, -87.56374138)
(41.89090025, -87.63939736)
(41.89484208, -87.63055434)
(41.93832607, -87.71123793)
(41.75602458, -87.649421)
(41.66118519, -87.64465789)
(42.01139567, -87.81930765)
(41.83210222, -87.61009099)
(41.77342456, -87.62514692)
(41.97823457, -87.70358615)
(41.88152445, -87.66270693)
(41.77905969, -87.6155965)
(41.75254896, -87.6359604)
(41.93543626, -87.80665766)
(41.9399466, -87.75182573)
(41.88024803, -87.74526913)
(41.94700312, -87.7178254)
(41.7992193, -87.74659733)
(41.72069948, -87.53649931)
(42.01621499, -87.67248799)
(41.92690107, -87.72439808)
(41.80547053, -87.60381052)
(41.98063946, -87.65510293)
(41.89828778, -87.68446385)
(41.81451643, -87.72506027)
(41.95266329, -87.65527094)
(41.74492538, -87.66130511)
(41.77242431, -87.61301634)
(41.97984502, -87.80467363)
(41.83667786, -87.65476827)
(41.88320837, -87.63445694)
(41.75398048, -87.61136084)
(41.78373606, -87.72290567)
(41.72163349, -87.63042291)
(41.75643657, -87.58098324)
(41.73575252, -87.62542903)
(41.87594273, -87.74374806)
(41.88188954, -87.73895993)
(41.78967228, -87.71679892)
(41.80190149, -87.59669915)
(41.92624372, -87.65929533)
(41.97784823, -87.84646896)
(41.75611589, -87.60532629)
(41.95397273, -87.69854583)
(41.89293982, -87.7457367)
(41.7492532, -87.56376281)
(41.98413738, -87.81682358)
(41.83303714, -87.68146124)
(41.7467058, -87.62288284)
(41.90296164, -87.66586585)
(41.77874976, -87.6872908)
(41.75665825, -87.56390158)
(41.87105127, -87.69723742)
(41.86989209, -87.71921922)
(41.89157962, -87.6346742)
(41.85260082, -87.7040639)
(41.73094196, -87.55542697)
(41.78834615, -87.77068139)
(41.91648374, -87.67272795)
(41.75116626, -87.61202637)
(41.71797344, -87.57322361)
(41.87651242, -87.74513447)
(41.86967343, -87.62588827)
(41.95806581, -87.64636051)
(41.81536582, -87.64005561)
(41.94972825, -87.75045021)
(41.91622262, -87.67840355)
(41.73777072, -87.64366442)
(41.74927825, -87.55891422)
(41.90952394, -87.75397188)
(41.99505506, -87.7973412)
(41.99734196, -87.71206512)
(41.98747648, -87.7887866)
(41.9444138, -87.64368776)
(41.8081478, -87.66496197)
(41.89716712, -87.67464606)
(41.67793872, -87.63049226)
(41.9114449, -87.74694105)
(41.88572959, -87.62582133)
(41.98137453, -87.79018839)
(41.75687364, -87.67210601)
(41.96748372, -87.7133371)
(41.75761443, -87.58611527)
(41.71660328, -87.67062531)
(41.89099305, -87.66617043)
(41.70457334, -87.53800582)
(41.76713655, -87.56892293)
(41.84574482, -87.716048)
(41.88220761, -87.7671486)
(41.99815743, -87.66335259)
(41.97557034, -87.65779721)
(41.97660033, -87.9015144)
(41.97629041, -87.90522722)
(41.79830962, -87.69636929)
(41.88544079, -87.70247109)
(41.78657748, -87.6206351)
(41.96743798, -87.70844332)
(42.00591809, -87.67570727)
(41.90778345, -87.648193)
(41.96839934, -87.7136702)
(41.83232928, -87.61698315)
(41.80157146, -87.73442508)
(41.8221767, -87.60064187)
(41.77865895, -87.64839964)
(41.9764212, -87.90497627)
(41.78693156, -87.62064584)
(41.97791887, -87.76843466)
(41.76854607, -87.6642075)
(41.96023711, -87.7094402)
(41.91041928, -87.68093903)
(41.91041968, -87.68100883)
(41.87333065, -87.72540985)
(41.9104172, -87.68105662)
(41.88888382, -87.71490201)
(41.95842284, -87.68656747)
(41.95394708, -87.75226464)
(41.80271436, -87.61498781)
(41.68242638, -87.65666593)
(41.88093233, -87.70956595)
(41.90389478, -87.63181425)
(41.87294261, -87.74255296)
(41.89651465, -87.73598508)
(41.93915817, -87.78974185)
(41.79680323, -87.60583784)
(41.81597523, -87.62301655)
(41.73328953, -87.54994705)
(41.71162279, -87.6514704)
(41.96824985, -87.72730653)
(41.91240694, -87.68060283)
(41.77090289, -87.72378252)
(41.8398353, -87.73660792)
(41.91987286, -87.68622203)
(41.89691592, -87.63990156)
(41.90884126, -87.72284309)
(41.76470129, -87.62975142)
(41.82386008, -87.61516241)
(41.75216896, -87.60522797)
(41.92913318, -87.72201389)
(41.75341854, -87.6368049)
(41.79054836, -87.59157439)
(41.98473226, -87.76778225)
(41.9399189, -87.65336973)
(41.75323462, -87.64774646)
(41.97563847, -87.90041762)
(41.9295193, -87.65446507)
(41.99991769, -87.66970611)
(41.68657447, -87.61441044)
(41.70764461, -87.66899239)
(42.00420464, -87.66083879)
(41.97118845, -87.78796189)
(41.85654706, -87.69560453)
(41.75622202, -87.58342664)
(41.78085565, -87.66303828)
(41.9371882, -87.76766592)
(41.89773193, -87.72738234)
(41.87822741, -87.6268074)
(41.89544188, -87.75806599)
(41.87229016, -87.74428832)
(41.89434035, -87.6770074)
(41.99781907, -87.6847082)
(41.78491839, -87.7290471)
(41.8983901, -87.65561766)
(41.80861496, -87.66412815)
(41.8921658, -87.68308241)
(41.69256976, -87.62439788)
(41.88218047, -87.76888212)
(41.95431879, -87.6438751)
(41.88976055, -87.6279988)
(41.97586893, -87.9025932)
(41.86854191, -87.63923536)
(41.74787029, -87.54918349)
(41.96536538, -87.71693902)
(41.88540202, -87.6631695)
(41.78959552, -87.72194802)
(41.72276838, -87.62441036)
(41.89094812, -87.70641282)
(41.95133523, -87.68717585)
(41.78584811, -87.60758238)
(41.79791797, -87.74167655)
(41.80923234, -87.70643258)
(41.8609112, -87.69574471)
(41.81751713, -87.60672234)
(41.75642859, -87.71898636)
(41.906276, -87.67001188)
(41.9045835, -87.6300067)
(41.89761961, -87.7115046)
(41.89509581, -87.67093195)
(41.88331094, -87.76329398)
(41.92114626, -87.72178515)
(41.9790063, -87.90646316)
(41.911231, -87.68083892)
(41.79303412, -87.74186815)
(41.86552945, -87.67621179)
(41.9790063, -87.90646316)
(41.94648894, -87.7186611)
(41.77513601, -87.7532069)
(41.77625417, -87.59297462)
(41.93642902, -87.80116222)
(41.86865678, -87.7705578)
(41.7769402, -87.77279385)
(41.83204321, -87.6133647)
(41.87664501, -87.75612325)
(41.79132546, -87.67544108)
(41.92671468, -87.64478241)
(41.82606845, -87.63236367)
(41.8822465, -87.75024135)
(41.81397343, -87.61971885)
(41.96048353, -87.66922568)
(41.78771547, -87.60431253)
(41.71359942, -87.63694563)
(41.90046484, -87.75118496)
(41.74867956, -87.60026157)
(41.9466553, -87.70078722)
(41.87153053, -87.74492681)
(41.88572959, -87.62582133)
(41.95290868, -87.78726486)
(41.93296558, -87.70500189)
(41.85859482, -87.62721443)
(41.80544595, -87.68190239)
(41.81043472, -87.6641789)
(41.88975195, -87.63107289)
(41.85439063, -87.72608845)
(41.88633725, -87.62068789)
(41.90437011, -87.63146007)
(41.85452951, -87.68570286)
(41.97894713, -87.75124302)
(41.97726749, -87.77214751)
(42.00071814, -87.81022546)
(41.75122659, -87.56379787)
(41.74999649, -87.63185796)
(41.90846301, -87.75965371)
(41.85592436, -87.65540178)
(41.76923946, -87.58952882)
(41.87254552, -87.68862725)
(41.757631, -87.58570825)
(41.78642112, -87.69287157)
(41.96545532, -87.65316812)
(41.75144347, -87.59007147)
(41.76336864, -87.60916631)
(41.74037259, -87.54994891)
(41.68073915, -87.64566114)
(41.89189329, -87.6280745)
(41.91378156, -87.77698791)
(41.73631311, -87.62377047)
(41.74057111, -87.70814513)
(41.89400814, -87.751284)
(41.85862242, -87.62234657)
(41.86725154, -87.63959443)
(41.76241996, -87.68318081)
(41.87760087, -87.63519367)
(41.88163353, -87.72569838)
(41.90731522, -87.71256037)
(41.72490724, -87.63263279)
(41.79210989, -87.62239634)
(41.8257142, -87.67547071)
(41.81968548, -87.70195762)
(41.67535735, -87.62619007)
(41.75132065, -87.60215185)
(41.73775077, -87.60485591)
(41.85578548, -87.7272719)
(41.93325247, -87.7955436)
(41.77921341, -87.61560212)
(41.73971913, -87.73470702)
(41.77632263, -87.60583838)
(41.97381475, -87.72206486)
(41.79651187, -87.74041325)
(41.89436874, -87.71018083)
(41.7737319, -87.65191644)
(41.97485303, -87.71354512)
(41.88428728, -87.66166081)
(41.75072246, -87.61127641)
(41.76364755, -87.72234469)
(41.93194085, -87.76870088)
(41.89317941, -87.63465676)
(41.88314905, -87.76495896)
(41.80606161, -87.6734124)
(41.96562933, -87.70238291)
(41.8623931, -87.7339643)
(41.86537754, -87.71661179)
(41.88572959, -87.62582133)
(41.94428539, -87.74808113)
(41.90389041, -87.63199797)
(41.97226092, -87.6485468)
(41.92102149, -87.69730355)
(41.91078953, -87.69802969)
(41.78705944, -87.64293474)
(41.90437011, -87.63146007)
(41.785019, -87.60970373)
(41.88141987, -87.76158119)
(41.95745632, -87.74140169)
(41.82087262, -87.63131239)
(41.98419887, -87.71134695)
(41.97676298, -87.90098372)
(41.90966425, -87.74272882)
(41.94110195, -87.65900287)
(41.7513311, -87.71567073)
(41.94179069, -87.72481512)
(41.72064167, -87.53528758)
(41.84529997, -87.62338225)
(41.92524174, -87.69131968)
(41.77034609, -87.61860064)
(41.84680198, -87.62352713)
(41.8785315, -87.75038161)
(41.87885127, -87.65704325)
(41.88666869, -87.65735009)
(41.7678792, -87.6833273)
(41.9289468, -87.72567586)
(41.721154, -87.6669375)
(41.94307016, -87.64936282)
(41.89969289, -87.68205101)
(41.90913465, -87.68719015)
(41.93984892, -87.65825156)
(41.79446258, -87.77055822)
(41.97015975, -87.71903297)
(41.6889089, -87.62663845)
(41.77082681, -87.60816597)
(41.95410514, -87.72762804)
(41.92302537, -87.67453449)
(41.90824539, -87.67413175)
(41.8887098, -87.71367337)
(41.89988553, -87.72622328)
(41.70620677, -87.62714487)
(41.9527551, -87.80547472)
(41.86742776, -87.62619205)
(41.95337655, -87.75015228)
(41.73627743, -87.62510451)
(41.88284434, -87.76327976)
(41.66821224, -87.62593154)
(41.69036846, -87.61330642)
(42.01255659, -87.67912356)
(41.80248068, -87.64632317)
(41.90359189, -87.68827093)
(41.97743733, -87.89933523)
(41.76959903, -87.6603035)
(41.80507071, -87.65686244)
(41.79767634, -87.59174158)
(41.75217061, -87.71562604)
(41.92367262, -87.78630161)
(41.75045866, -87.72032959)
(41.78833989, -87.74051423)
(41.74680338, -87.59654515)
(41.96186792, -87.64843014)
(41.74482555, -87.6686752)
(41.88209996, -87.6850316)
(41.90963629, -87.74530073)
(41.75195619, -87.54953322)
(41.75145288, -87.62456758)
(41.81202333, -87.68761684)
(41.77527239, -87.66657555)
(41.76863335, -87.61855367)
(41.9105622, -87.64341669)
(41.92132324, -87.74622963)
(41.77878756, -87.78253015)
(41.70004794, -87.52697727)
(41.89257082, -87.65582976)
(41.90725587, -87.68348034)
(41.94336364, -87.64109667)
(41.83045235, -87.66953671)
(41.87412532, -87.74360688)
(41.89912651, -87.62932093)
(41.80901364, -87.70759381)
(41.88570208, -87.64203164)
(41.77750961, -87.67477207)
(41.91638573, -87.69716587)
(41.8959858, -87.63269785)
(41.89968359, -87.66893039)
(41.86936986, -87.65983806)
(41.87282341, -87.72601314)
(41.75269496, -87.72336478)
(41.7951417, -87.63301615)
(41.78863889, -87.64501157)
(41.7359947, -87.64909862)
(41.89784001, -87.72862283)
(41.92015226, -87.63824275)
(41.92241949, -87.69801355)
(41.88109855, -87.69290012)
(41.77113532, -87.57643446)
(41.90843054, -87.63850953)
(41.9602301, -87.78608096)
(41.87766189, -87.62766552)
(42.00664218, -87.66849562)
(41.87655227, -87.76337975)
(41.93176197, -87.77476998)
(41.69704417, -87.63129124)
(41.74834659, -87.62817837)
(41.89161301, -87.63204782)
(41.73907163, -87.64735118)
(41.76243791, -87.71120609)
(41.91741732, -87.75853003)
(41.72576945, -87.65792208)
(41.92919322, -87.70367184)
(41.77699457, -87.66541752)
(41.74064602, -87.54538741)
(41.79153872, -87.68641433)
(41.73151474, -87.66050703)
(41.86652578, -87.73498304)
(42.01938277, -87.67266127)
(41.71938576, -87.62860862)
(41.74677396, -87.60874819)
(41.70435974, -87.63430978)
(41.69307429, -87.62210761)
(41.76575557, -87.57629243)
(41.75294139, -87.6683606)
(41.96375159, -87.72203605)
(41.89791232, -87.63722043)
(41.92970481, -87.65011566)
(41.90393354, -87.62917996)
(41.88240688, -87.73553262)
(41.95967005, -87.6498508)
(41.81976138, -87.61844028)
(41.68544329, -87.61126359)
(41.87677636, -87.70231764)
(41.74589671, -87.54671203)
(41.78561357, -87.74133868)
(41.89469218, -87.61563657)
(41.72293827, -87.64927012)
(41.84369565, -87.71110951)
(41.89506514, -87.67275405)
(41.88927291, -87.62768832)
(41.75801796, -87.61145853)
(41.74654582, -87.6439223)
(41.9485777, -87.77009802)
(41.90478587, -87.69321814)
(41.77163072, -87.64700439)
(41.98603313, -87.81185742)
(41.87879844, -87.73137647)
(41.95796908, -87.71426759)
(41.69880079, -87.56075414)
(41.90823841, -87.71074029)
(41.87990977, -87.62772157)
(41.75215056, -87.64041743)
(41.84751108, -87.72097849)
(41.87385503, -87.76234625)
(41.94128609, -87.64930838)
(41.96866572, -87.76905696)
(41.88644565, -87.70455818)
(41.87990003, -87.68325819)
(41.91749823, -87.69637221)
(41.87786497, -87.62766695)
(41.88321693, -87.62867302)
(41.87449721, -87.71721809)
(41.79595662, -87.70362814)
(41.73360239, -87.61768187)
(41.8886761, -87.63691306)
(42.01946189, -87.68218455)
(41.92877436, -87.74956426)
(41.96909302, -87.70849701)
(41.93372349, -87.71827283)
(41.81592033, -87.62301349)
(41.79358387, -87.62778542)
(41.90439412, -87.63000143)
(41.86589903, -87.68913091)
(41.9399192, -87.65342119)
(41.80716827, -87.74314297)
(41.87786497, -87.62766695)
(41.79408428, -87.714604)
(41.74693438, -87.59900252)
(41.81638352, -87.60451942)
(41.79231281, -87.78338615)
(41.92587576, -87.69133904)
(41.83902935, -87.62516167)
(41.68985635, -87.62407253)
(41.97629041, -87.90522722)
(41.8949934, -87.622149)
(41.88115032, -87.68744278)
(41.69675633, -87.64495228)
(41.87528456, -87.72437424)
(41.72118063, -87.62371719)
(41.95107769, -87.70304845)
(41.76241996, -87.68318081)
(41.78561357, -87.74133868)
(41.81487289, -87.690732)
(41.89364666, -87.63117714)
(41.76160602, -87.59695496)
(41.68110974, -87.64201841)
(41.83667408, -87.65598662)
(41.85179027, -87.7033818)
(41.87612122, -87.64100397)
(41.77377185, -87.63165395)
(41.7526898, -87.72498102)
(41.75650385, -87.61948359)
(41.91750757, -87.74868593)
(41.76341243, -87.71379913)
(41.6569111, -87.60963194)
(41.90855953, -87.6830226)
(41.80284852, -87.69190479)
(41.89256952, -87.62203265)
(41.86854191, -87.63923536)
(41.85431704, -87.71537828)
(41.87309633, -87.62735959)
(41.87001624, -87.72605073)
(41.82744011, -87.60710914)
(41.89262841, -87.63115524)
(41.91959877, -87.73275319)
(41.93515633, -87.63938456)
(41.74999163, -87.72540228)
(41.68403173, -87.53163626)
(41.8246839, -87.68734655)
(41.73627743, -87.62510451)
(41.873185, -87.74379543)
(41.79817091, -87.70859048)
(41.88850324, -87.75292053)
(41.72767171, -87.56085893)
(41.8525689, -87.65182176)
(41.92665835, -87.69437757)
(41.76367503, -87.66375228)
(42.01138779, -87.67580179)
(41.68050927, -87.6178934)
(41.80832459, -87.66374603)
(41.87292834, -87.7564798)
(41.75920472, -87.65396139)
(41.9104573, -87.67894008)
(42.01593697, -87.67329308)
(41.79422181, -87.65162978)
(41.93775999, -87.8254015)
(41.85743083, -87.68581675)
(41.73650833, -87.61412128)
(41.76412185, -87.69057154)
(41.93217928, -87.73926871)
(41.90916818, -87.64708709)
(41.89367684, -87.63117681)
(41.91468548, -87.69589316)
(41.6529246, -87.54591589)
(41.90613288, -87.66756675)
(41.69182114, -87.64114949)
(41.88572959, -87.62582133)
(41.76695467, -87.71367708)
(42.02114791, -87.66991598)
(41.935441, -87.74920577)
(41.93079073, -87.8031789)
(41.9059981, -87.67417324)
(41.81719111, -87.63965807)
(41.69636584, -87.686384)
(41.80679266, -87.66411043)
(41.8415339, -87.71837848)
(41.88090279, -87.71221753)
(41.87380752, -87.69445629)
(41.8772898, -87.62606498)
(41.9010737, -87.63136393)
(41.80912527, -87.63190651)
(41.78559336, -87.62169467)
(41.89670812, -87.62607849)
(41.87494711, -87.6424413)
(41.87930934, -87.63997811)
(41.71715191, -87.64674555)
(41.6573233, -87.60667418)
(41.91827218, -87.67641685)
(41.76431467, -87.62846174)
(41.9964594, -87.68984286)
(41.95231596, -87.76024587)
(41.89318177, -87.6345943)
(41.92147038, -87.67327178)
(41.80042682, -87.70008921)
(41.69325851, -87.64240826)
(41.8864434, -87.62631658)
(41.89759607, -87.62321837)
(41.8129459, -87.62085641)
(41.7794512, -87.6350384)
(41.90301247, -87.68722617)
(41.69070161, -87.62853369)
(41.91091418, -87.64857834)
(41.86135928, -87.69440034)
(41.89453984, -87.62424392)
(41.87806253, -87.74345318)
(41.93784216, -87.75244395)
(41.88250653, -87.66499915)
(41.79531536, -87.65976314)
(41.84816738, -87.69534276)
(41.90783579, -87.74417473)
(41.94763951, -87.77240743)
(41.73205788, -87.63742773)
(41.74277104, -87.62430764)
(41.82426034, -87.6337739)
(41.94384413, -87.64938028)
(41.8811007, -87.69279361)
(41.76472805, -87.56127231)
(41.88541146, -87.7051302)
(41.90056346, -87.644079)
(41.89962119, -87.75203746)
(41.78964444, -87.71877199)
(41.96844494, -87.70891886)
(41.76085048, -87.64186326)
(41.88475314, -87.67673095)
(41.92847346, -87.64886832)
(41.68403677, -87.63909129)
(41.71359942, -87.63694563)
(41.89542064, -87.72053941)
(41.74868798, -87.61243523)
(41.74580273, -87.60444976)
(41.75196364, -87.7257025)
(41.94017339, -87.71743164)
(41.74899896, -87.60517584)
(41.75563372, -87.64417322)
(41.88601806, -87.63393788)
(41.91974598, -87.70387863)
(41.8778766, -87.73404363)
(41.86709789, -87.72375071)
(41.88316482, -87.6445084)
(41.75718395, -87.65148312)
(41.8996959, -87.72254819)
(41.75126489, -87.56501044)
(41.83715143, -87.64259844)
(41.9459726, -87.65429054)
(41.97236456, -87.65630497)
(42.01471363, -87.70317856)
(41.77648232, -87.67748821)
(41.87356982, -87.75743969)
(41.74228773, -87.5587967)
(41.84020015, -87.70368265)
(41.75846723, -87.61176869)
(41.77050782, -87.72743377)
(41.85853435, -87.67717176)
(41.84379503, -87.72453347)
(41.79104469, -87.59024121)
(41.88005957, -87.75354041)
(41.76140086, -87.61395334)
(41.87695814, -87.62657536)
(41.91838101, -87.73393303)
(41.81231065, -87.60662713)
(41.9790063, -87.90646316)
(41.84572462, -87.72460326)
(41.65291055, -87.53988213)
(41.95610678, -87.68852838)
(41.87005917, -87.70445445)
(41.70243633, -87.64942155)
(41.73103794, -87.57678814)
(41.89922725, -87.6229542)
(41.73327429, -87.55133578)
(42.01158992, -87.66424195)
(41.90276543, -87.71513174)
(41.7919084, -87.65117024)
(41.78267298, -87.69890731)
(41.7240935, -87.65666484)
(41.84160934, -87.65803375)
(41.76684831, -87.57387494)
(41.89919254, -87.62533113)
(41.87390705, -87.72543009)
(41.85365376, -87.63011714)
(41.87155632, -87.62416388)
(41.77999793, -87.62929459)
(41.80615304, -87.66125616)
(41.96167102, -87.73077357)
(41.7984028, -87.74470505)
(41.89262841, -87.63115524)
(41.96844468, -87.70887106)
(41.96122529, -87.70245945)
(41.76497412, -87.58057193)
(41.80577465, -87.67218661)
(41.78417887, -87.71897085)
(41.78551967, -87.73856753)
(41.93255021, -87.72210254)
(41.90703397, -87.71791926)
(41.93947745, -87.6861966)
(41.70712655, -87.62632179)
(41.75761568, -87.62798895)
(41.77793651, -87.60587513)
(41.93059707, -87.70797247)
(41.97682692, -87.76348683)
(41.91166807, -87.78834394)
(41.95460708, -87.64710719)
(41.6967842, -87.65285747)
(41.79284866, -87.69987411)
(41.89494579, -87.75491171)
(41.87783056, -87.62430749)
(41.87121874, -87.65226621)
(41.81141973, -87.60073146)
(41.94009114, -87.64131952)
(41.96628907, -87.73963953)
(41.93871523, -87.64251054)
(41.95947352, -87.79554746)
(41.79551079, -87.5912678)
(41.8244393, -87.63793616)
(41.87950297, -87.62672358)
(41.77855191, -87.73171728)
(41.96665319, -87.65479535)
(41.9666242, -87.78037092)
(41.89307048, -87.72601604)
(41.83044165, -87.67101186)
(41.69885585, -87.60620316)
(41.79336935, -87.65971017)
(41.93089392, -87.79468876)
(41.82443921, -87.63792149)
(41.77230761, -87.72113341)
(41.77642161, -87.59298002)
(41.6990068, -87.60620512)
(41.76575557, -87.57629243)
(41.8839609, -87.64272245)
(41.74770324, -87.66943706)
(41.99862363, -87.6722911)
(41.88065674, -87.73146185)
(41.82829864, -87.64767262)
(41.7763511, -87.60340372)
(41.96708389, -87.70842839)
(41.74002015, -87.567277)
(41.66614306, -87.5405761)
(41.80876166, -87.61657086)
(41.8284254, -87.68656043)
(41.9400715, -87.83373031)
(41.76241996, -87.68318081)
(41.92517332, -87.71945369)
(41.76840507, -87.58950914)
(41.84194343, -87.70984201)
(41.67565217, -87.63220461)
(41.79813131, -87.70736595)
(41.72721925, -87.58791828)
(41.93278095, -87.64595568)
(41.75116702, -87.70364464)
(41.80850183, -87.67542309)
(41.78898704, -87.74147999)
(41.74182657, -87.68851847)
(41.86169934, -87.72260523)
(41.90353292, -87.72940299)
(41.82785019, -87.70454851)
(41.91815526, -87.72028153)
(41.74319921, -87.62431758)
(41.89314003, -87.62420431)
(41.88354496, -87.73802284)
(41.76587359, -87.57629471)
(41.89472538, -87.63934126)
(41.9790063, -87.90646316)
(41.90422724, -87.76102143)
(41.8811287, -87.68994741)
(41.77509681, -87.70304769)
(41.75843286, -87.62476567)
(41.92290411, -87.74626658)
(41.785599, -87.69357276)
(41.82092273, -87.60498157)
(41.81983669, -87.69456014)
(41.84540606, -87.63306281)
(41.73983079, -87.56727558)
(41.90252292, -87.63140683)
(41.80608712, -87.65517553)
(41.91979064, -87.66186549)
(41.94879595, -87.71645169)
(41.7604128, -87.56149997)
(41.77764754, -87.72517782)
(41.73626065, -87.59754133)
(41.77354985, -87.69970477)
(41.74374014, -87.61904969)
(41.70174792, -87.56398529)
(41.89732517, -87.7335386)
(41.79815128, -87.58331575)
(41.89688859, -87.62820319)
(41.96306561, -87.70027563)
(41.75289438, -87.71549083)
(41.89701226, -87.63271602)
(41.90187676, -87.62896012)
(41.99969947, -87.68871756)
(41.90308765, -87.76197567)
(41.94722589, -87.65554544)
(41.75273604, -87.56504054)
(41.86709512, -87.74479125)
(41.80102105, -87.624249)
(41.77253239, -87.57646936)
(41.78255616, -87.70662283)
(41.88899679, -87.65194519)
(41.77422221, -87.60092396)
(41.89262841, -87.63115524)
(41.89399011, -87.70215558)
(41.9677318, -87.69254792)
(41.83035916, -87.67816041)
(41.87767932, -87.7463245)
(41.90054479, -87.63373163)
(41.77503723, -87.72095347)
(41.86790621, -87.7313208)
(41.88943045, -87.63821966)
(41.92935327, -87.65423164)
(41.74109377, -87.61626861)
(41.7682267, -87.68996972)
(41.69254011, -87.62671221)
(41.88833509, -87.75168807)
(41.82485163, -87.61136133)
(41.82485163, -87.61136133)
(41.84695315, -87.7233988)
(41.94237475, -87.75499048)
(41.87046297, -87.72026015)
(41.87096861, -87.68248587)
(41.85912959, -87.68582898)
(41.91556219, -87.74605097)
(41.95133523, -87.68717585)
(41.98068804, -87.67284811)
(41.852538, -87.71117064)
(41.85584587, -87.727275)
(41.7104742, -87.65076104)
(41.96828981, -87.72345249)
(41.8609112, -87.69574471)
(41.78462496, -87.6497698)
(41.93926464, -87.78731145)
(41.85519055, -87.6238712)
(41.77164841, -87.57475678)
(41.94144409, -87.67444785)
(41.6789506, -87.62188976)
(41.84183907, -87.72570069)
(41.96828981, -87.72345249)
(41.98889614, -87.74076475)
(41.9386332, -87.65405968)
(41.87831421, -87.71207735)
(41.70583526, -87.55964453)
(41.82480651, -87.60378551)
(41.85194955, -87.61899592)
(41.78527876, -87.72660904)
(41.85253415, -87.68565325)
(41.76587359, -87.57629471)
(41.80929706, -87.59196703)
(41.86221827, -87.63908716)
(41.92171514, -87.66860634)
(41.75062057, -87.60643283)
(41.73007075, -87.55160177)
(41.94654248, -87.73608438)
(41.90539293, -87.72151673)
(41.74404153, -87.72015612)
(41.77876058, -87.71621418)
(41.91612118, -87.72896834)
(41.74870871, -87.60268353)
(41.80268516, -87.61251613)
(41.88395439, -87.68200155)
(41.96831794, -87.72100324)
(41.8640337, -87.71779213)
(41.93891763, -87.65528794)
(41.92264717, -87.68523127)
(41.82573688, -87.61074233)
(41.83571697, -87.63591694)
(41.85045273, -87.73447218)
(41.78751067, -87.64863177)
(41.96123271, -87.64683388)
(41.75192833, -87.64407726)
(41.79038534, -87.61911513)
(41.96831794, -87.72100324)
(41.87711202, -87.72381712)
(41.81114118, -87.69673738)
(41.69006805, -87.64352248)
(41.88606053, -87.73626243)
(41.90312032, -87.75917256)
(41.72714235, -87.60459478)
(41.89797088, -87.71761694)
(41.94863228, -87.7655797)
(41.74784914, -87.6512411)
(41.97685185, -87.65499969)
(41.93720425, -87.77374117)
(41.85636729, -87.70782619)
(42.00449139, -87.66813538)
(41.95611749, -87.7309178)
(41.75993738, -87.69412093)
(41.72487605, -87.62753757)
(41.9398641, -87.65710097)
(41.71359942, -87.63694563)
(41.90285682, -87.72143441)
(41.90931754, -87.77040653)
(41.87093226, -87.74492128)
(41.80989188, -87.63929298)
(41.75402988, -87.6052729)
(41.97629041, -87.90522722)
(41.87450131, -87.71389876)
(41.74985048, -87.66585289)
(41.69976745, -87.63188779)
(41.96093225, -87.65631203)
(41.7529526, -87.55846693)
(41.83998452, -87.73416979)
(41.74226582, -87.5575841)
(41.7733115, -87.66161377)
(41.95989168, -87.7672225)
(41.78011089, -87.61561778)
(41.76481875, -87.58241016)
(41.87321963, -87.67586867)
(41.74688014, -87.65212351)
(41.91549729, -87.64357664)
(41.86276464, -87.71044008)
(41.75927745, -87.63451678)
(41.89064493, -87.7652304)
(41.87408681, -87.62599014)
(41.84575757, -87.72460662)
(41.75057793, -87.6027393)
(41.75252435, -87.63597533)
(41.7579503, -87.6151134)
(41.81128621, -87.70163294)
(41.6892768, -87.53527994)
(41.91072397, -87.66097225)
(41.841856, -87.62874168)
(41.85495691, -87.70534389)
(41.90306377, -87.76435258)
(41.66635265, -87.62077312)
(41.99324794, -87.67184644)
(41.77146936, -87.59061382)
(41.65683206, -87.59933169)
(41.99268043, -87.66389193)
(41.92674676, -87.73418913)
(41.89587761, -87.70656663)
(41.88162514, -87.62775778)
(41.78513155, -87.73516844)
(41.88587925, -87.63097943)
(41.89417373, -87.62140147)
(41.79969014, -87.7490576)
(41.9936133, -87.66151681)
(41.8616551, -87.71894196)
(41.76714898, -87.56749319)
(41.86760821, -87.68029878)
(41.8654647, -87.70685642)
(41.85127099, -87.71132606)
(41.87674317, -87.64175)
(41.8972675, -87.63272057)
(42.01054574, -87.68020021)
(41.90054798, -87.76559811)
(41.79062895, -87.60372947)
(41.77761319, -87.70552709)
(41.95147011, -87.66897737)
(41.83640409, -87.7182331)
(41.82268187, -87.61238729)
(41.94342683, -87.66331205)
(41.9787207, -87.77245839)
(41.9041246, -87.711717)
(41.96883079, -87.71582085)
(41.76216267, -87.7223038)
(41.90988656, -87.70699904)
(41.78588142, -87.60547365)
(41.85679041, -87.70842407)
(41.86711096, -87.64955631)
(41.84656227, -87.68704943)
(41.8805603, -87.64173087)
(41.80162267, -87.72952835)
(41.93999555, -87.7278498)
(41.74669213, -87.66496949)
(41.82013804, -87.6050088)
(41.87321963, -87.67586867)
(41.73608402, -87.58127944)
(41.74221153, -87.66323148)
(41.74583106, -87.60199794)
(41.89412213, -87.71993477)
(41.78329592, -87.60845081)
(41.94722589, -87.65554544)
(41.91164746, -87.77153967)
(41.746074, -87.68887173)
(41.68877834, -87.70228369)
(41.9424142, -87.64934778)
(41.74019652, -87.55270645)
(41.66123333, -87.63535095)
(41.76665566, -87.63838824)
(41.75631605, -87.63041843)
(41.79075458, -87.73992726)
(41.97446112, -87.79879736)
(41.99073665, -87.67608427)
(41.87331136, -87.70100054)
(41.77307143, -87.68091033)
(41.88288059, -87.69802348)
(41.65675239, -87.60233327)
(41.76233501, -87.66739126)
(41.74566558, -87.73198775)
(41.68513438, -87.63816425)
(41.87378988, -87.69671458)
(41.85859482, -87.62721443)
(41.92248631, -87.66200993)
(41.86167498, -87.65285575)
(41.86606099, -87.7105329)
(41.72506554, -87.6809603)
(41.85753386, -87.62560361)
(41.70340228, -87.60389247)
(41.77939342, -87.6683147)
(41.71466687, -87.67702921)
(41.72506554, -87.6809603)
(41.76805313, -87.56933361)
(41.84392642, -87.62671146)
(41.64579585, -87.54247201)
(41.76213651, -87.68062159)
(41.73625535, -87.62820806)
(41.92043805, -87.66276628)
(41.80670488, -87.60892423)
(41.79126909, -87.67422421)
(41.71582975, -87.53472811)
(41.88168085, -87.65383331)
(41.93729691, -87.76522818)
(41.85792274, -87.62059232)
(41.76744896, -87.58595717)
(41.90918459, -87.70760473)
(41.76027202, -87.56219439)
(41.88558942, -87.77405226)
(41.90340283, -87.66292986)
(41.90442298, -87.66752574)
(41.89169039, -87.62631748)
(41.89728376, -87.77034694)
(41.88536835, -87.63540291)
(41.67749025, -87.62985655)
(42.00897956, -87.80752693)
(41.80198092, -87.62370294)
(41.76515752, -87.62006946)
(41.87531255, -87.7218955)
(41.89346903, -87.63264823)
(41.87885127, -87.65704325)
(41.87799992, -87.64309875)
(42.00419473, -87.76291891)
(41.77120153, -87.57399222)
(41.92290411, -87.74626658)
(41.88629584, -87.74302856)
(41.66710151, -87.62116014)
(41.7838666, -87.61674187)
(41.91241337, -87.67070517)
(41.724099, -87.64328314)
(41.76573639, -87.66381882)
(41.81699879, -87.68714498)
(41.8509625, -87.69709147)
(41.70665393, -87.61253146)
(41.90264468, -87.72800813)
(41.85896653, -87.71550972)
(41.69235865, -87.62309675)
(41.97063783, -87.71709412)
(41.98877675, -87.79274812)
(41.82712637, -87.73288078)
(41.89275303, -87.6241939)
(41.78869925, -87.60495409)
(41.84722627, -87.70633705)
(41.77453012, -87.70179944)
(41.76246504, -87.58086883)
(41.87485061, -87.73527258)
(41.87457426, -87.67425389)
(41.97486195, -87.89037215)
(41.72833654, -87.58501858)
(41.78295171, -87.60436283)
(41.76110941, -87.6443089)
(41.75563372, -87.64417322)
(41.9803763, -87.70032118)
(41.77146011, -87.73476759)
(41.90391672, -87.63046585)
(41.97486195, -87.89037215)
(41.92764224, -87.73910869)
(41.780851, -87.64967422)
(42.0090353, -87.67090285)
(41.80193821, -87.60287867)
(41.7063267, -87.65618832)
(41.94096468, -87.72326453)
(41.75656303, -87.5797613)
(41.89439176, -87.71750072)
(41.91461322, -87.72403359)
(41.75182635, -87.72465201)
(41.79633618, -87.69631549)
(41.88428728, -87.66166081)
(41.73329812, -87.65205088)
(41.8842912, -87.66139268)
(41.69970574, -87.63708456)
(41.8568, -87.6389035)
(41.88679219, -87.67530719)
(41.88728587, -87.75694927)
(41.69970574, -87.63708456)
(41.7395156, -87.73251779)
(41.9782804, -87.7014379)
(41.7557631, -87.71566122)
(41.75367304, -87.55664782)
(41.80929706, -87.59196703)
(41.89407716, -87.67801279)
(41.9782804, -87.7014379)
(41.89677862, -87.68013758)
(41.94398296, -87.77271517)
(41.75479254, -87.72044595)
(41.97403939, -87.84649797)
(41.86706968, -87.7261961)
(41.78061792, -87.71407352)
(41.90986889, -87.76423337)
(41.81483581, -87.69195394)
(41.88764063, -87.61934028)
(41.89446729, -87.63119387)
(41.93050442, -87.72082112)
(41.76926683, -87.56985441)
(41.76308125, -87.63094938)
(41.86178926, -87.72870933)
(41.97712491, -87.80335378)
(41.73350358, -87.61767931)
(41.79694548, -87.66587786)
(41.94476503, -87.73046228)
(41.74927484, -87.66219789)
(41.81725948, -87.63554128)
(41.93810424, -87.65324567)
(41.96838454, -87.7149978)
(41.8863177, -87.6362813)
(41.94577695, -87.64631234)
(41.75048847, -87.65436846)
(41.77829704, -87.72397281)
(41.76434226, -87.67473446)
(41.91574305, -87.68919571)
(41.77730987, -87.64080292)
(41.92750652, -87.66218513)
(41.93969848, -87.74997921)
(41.75427465, -87.64452493)
(41.87756569, -87.68489383)
(41.76931587, -87.57394114)
(41.79491942, -87.7978091)
(41.891948, -87.62537074)
(41.76549597, -87.57812825)
(41.94394939, -87.68453773)
(41.93387025, -87.7053348)
(41.89236432, -87.63600254)
(41.85140982, -87.73382093)
(41.87057972, -87.72778204)
(41.90911819, -87.68719032)
(41.80989992, -87.67229459)
(41.74951168, -87.55406678)
(41.89711209, -87.76669007)
(41.91437283, -87.72891503)
(41.7378464, -87.58388228)
(41.80316704, -87.73201889)
(41.90003765, -87.71768524)
(41.98455926, -87.66984724)
(41.7940333, -87.6639058)
(41.88479488, -87.74788256)
(41.77486466, -87.73560479)
(41.77300469, -87.69689833)
(41.99638669, -87.68862224)
(41.71166765, -87.60901441)
(41.87418063, -87.66785807)
(41.95165176, -87.66293182)
(41.96911613, -87.70971761)
(41.77274986, -87.57158742)
(41.73568023, -87.73117227)
(41.87851954, -87.75127035)
(41.74312622, -87.71988268)
(41.87100091, -87.70153733)
(41.97249315, -87.71103428)
(41.9011387, -87.69320315)
(41.77166278, -87.57360919)
(41.79350686, -87.65000181)
(41.79600158, -87.73304303)
(41.95106574, -87.65799352)
(41.79256191, -87.70966073)
(41.86742619, -87.62638298)
(41.93688982, -87.72023077)
(41.90888616, -87.69329107)
(41.88098911, -87.74529538)
(41.9237018, -87.78379161)
(41.88899385, -87.62693483)
(41.79768993, -87.62254371)
(41.90553231, -87.71018249)
(41.81947844, -87.62148838)
(41.90438804, -87.72193775)
(41.90548477, -87.71509449)
(41.89750258, -87.69271054)
(41.92367262, -87.78630161)
(41.85922459, -87.67358925)
(41.69927198, -87.62448906)
(41.8307508, -87.62664357)
(41.80171934, -87.63070362)
(41.73550827, -87.60479332)
(41.80119586, -87.64166807)
(41.78788752, -87.71457559)
(41.89798464, -87.65526932)
(41.90573775, -87.76734851)
(41.92768133, -87.76194736)
(41.9005004, -87.6377176)
(41.89904954, -87.77284389)
(41.9764212, -87.90497627)
(41.94095743, -87.72396664)
(41.747634, -87.56252522)
(41.75416912, -87.69417084)
(41.78551967, -87.73856753)
(41.66058316, -87.55911419)
(41.88180417, -87.74637121)
(41.82539794, -87.63717732)
(41.79654673, -87.70364437)
(41.95009207, -87.72174015)
(41.7720117, -87.62834448)
(41.9130562, -87.71664165)
(41.7359389, -87.73603914)
(41.91844128, -87.72659858)
(41.77692329, -87.64956929)
(41.91235686, -87.74711273)
(41.87414089, -87.67000278)
(41.73482351, -87.55275686)
(41.91108426, -87.66770267)
(41.85267609, -87.70528178)
(41.89866281, -87.74705433)
(41.72581507, -87.59699747)
(41.76170131, -87.71864284)
(41.75043529, -87.65791644)
(41.95314029, -87.76988506)
(41.73564998, -87.61773608)
(41.84010623, -87.72443632)
(41.9010737, -87.63136393)
(41.95392479, -87.707307)
(41.79110049, -87.68122625)
(41.9083142, -87.67130596)
(41.85296659, -87.70772352)
(41.83364659, -87.67047244)
(41.81467975, -87.62654514)
(41.74019902, -87.55025147)
(41.78147093, -87.73627674)
(41.77864459, -87.67027657)
(41.8665586, -87.72763275)
(41.90372286, -87.70999805)
(41.90108742, -87.63136378)
(41.92275055, -87.64499406)
(41.77917579, -87.76421349)
(41.677213, -87.62984493)
(41.89155569, -87.63615458)
(41.76916261, -87.62692037)
(41.88577258, -87.68226586)
(41.88305769, -87.7511043)
(41.8120621, -87.68524312)
(41.87774111, -87.66005862)
(41.70035979, -87.62332729)
(41.6736761, -87.57387678)
(41.8956024, -87.62034248)
(41.81258052, -87.72742992)
(41.75228116, -87.72038189)
(41.79245818, -87.73294408)
(41.96736115, -87.73418378)
(42.00555469, -87.65988635)
(41.84010623, -87.72443632)
(41.76882823, -87.61855884)
(41.92818656, -87.72358841)
(41.87850756, -87.75215541)
(41.75358538, -87.56319432)
(41.77091374, -87.58956814)
(41.86539738, -87.64066078)
(41.83766161, -87.73287771)
(41.80093881, -87.589122)
(41.8779395, -87.72876642)
(41.75624238, -87.62959094)
(41.75117261, -87.61172579)
(41.67205168, -87.62728772)
(41.88180577, -87.74614719)
(41.96150782, -87.67506478)
(41.79847008, -87.70859858)
(41.89573672, -87.71144206)
(41.82584221, -87.60786099)
(41.96729678, -87.69130942)
(41.78604188, -87.71634236)
(41.76693287, -87.62491408)
(41.88227454, -87.72083396)
(41.80901979, -87.68934163)
(41.93266928, -87.65208328)
(41.93863352, -87.76194516)
(41.74349655, -87.73600208)
(41.76716208, -87.70287243)
(41.87777136, -87.65820029)
(41.73767665, -87.60485309)
(41.84509411, -87.72993087)
(41.92495276, -87.68385198)
(41.90347807, -87.6314331)
(41.87035519, -87.63055093)
(41.88290362, -87.69574278)
(41.8545507, -87.70533318)
(41.75472949, -87.55703822)
(41.70446694, -87.62226039)
(41.74475439, -87.61798311)
(41.8665845, -87.77048419)
(41.89658594, -87.77130806)
(42.0206256, -87.66644365)
(41.88316482, -87.6445084)
(41.93002255, -87.63632018)
(41.76135274, -87.61153111)
(41.87205804, -87.68733973)
(41.75358227, -87.71736064)
(41.8292123, -87.69724451)
(41.9657813, -87.65771679)
(41.78053803, -87.66788124)
(41.77583464, -87.61551514)
(41.91444753, -87.70199814)
(41.90499019, -87.71907033)
(41.8822275, -87.73797999)
(41.940031, -87.6450104)
(41.9140827, -87.71667218)
(41.76148945, -87.71496121)
(41.91350648, -87.79003305)
(41.90764796, -87.7591026)
(41.73175692, -87.63984897)
(41.78507518, -87.6222174)
(41.82458662, -87.69596949)
(41.73546237, -87.64360118)
(41.90215493, -87.76480513)
(41.89773632, -87.74672488)
(41.81212702, -87.61539253)
(41.72621915, -87.56729444)
(41.82207373, -87.60343498)
(41.75850614, -87.68797035)
(41.94322884, -87.73214185)
(41.79957334, -87.65909875)
(41.8957324, -87.68778438)
(41.65143133, -87.52725823)
(41.91700961, -87.73935063)
(41.81464313, -87.61401448)
(41.85491798, -87.65879308)
(41.78245802, -87.65457394)
(41.80601803, -87.72518101)
(41.75214472, -87.71744768)
(41.74181305, -87.60496756)
(41.75240691, -87.70857268)
(41.80929706, -87.59196703)
(41.77188602, -87.68919997)
(41.77390802, -87.64463385)
(41.76610387, -87.66142504)
(41.79367018, -87.66375556)
(41.89514094, -87.66829431)
(41.75430937, -87.71682228)
(41.85499127, -87.62226565)
(42.01835459, -87.70257589)
(41.88587925, -87.63097943)
(41.92465795, -87.71241066)
(41.87805389, -87.6388497)
(41.88657546, -87.66298096)
(41.80930523, -87.60655839)
(41.78026105, -87.7019522)
(41.7478141, -87.65366374)
(41.94559185, -87.74704729)
(41.78909599, -87.59020138)
(41.90440924, -87.66752221)
(41.724047, -87.59560001)
(41.81027851, -87.63246248)
(41.90581875, -87.76044148)
(41.93130252, -87.66231072)
(41.97551745, -87.72956922)
(41.87255139, -87.62754916)
(41.89717073, -87.7691248)
(41.93990585, -87.65441005)
(42.01849825, -87.67298323)
(41.7815766, -87.6156601)
(41.76277792, -87.60126305)
(41.88547988, -87.71419302)
(41.82839413, -87.62319116)
(41.70687504, -87.62826552)
(41.87704785, -87.72881154)
(41.78527258, -87.7045357)
(41.79082781, -87.73289329)
(41.77776418, -87.61556329)
(41.65903976, -87.60340525)
(41.88763635, -87.61909427)
(41.78504412, -87.61898008)
(41.68423262, -87.64610719)
(41.71214894, -87.63084123)
(41.99815169, -87.6637794)
(41.85568942, -87.72726914)
(41.87692221, -87.73891416)
(41.75085925, -87.62978533)
(41.88428728, -87.66166081)
(41.81455578, -87.69439618)
(41.77349473, -87.70415584)
(41.94148996, -87.75258727)
(41.75274318, -87.57478886)
(41.86187126, -87.69418599)
(41.94426682, -87.64939414)
(41.87480793, -87.6568619)
(41.78687386, -87.65555039)
(41.98869917, -87.78277681)
(41.87082713, -87.71651902)
(41.74594663, -87.71513603)
(41.87380752, -87.69445629)
(41.76902234, -87.62020627)
(41.73484203, -87.60359546)
(41.75116358, -87.5625856)
(41.8783161, -87.71191944)
(41.73826147, -87.55752238)
(41.91358819, -87.71503834)
(41.82995176, -87.66555344)
(41.98316366, -87.69031146)
(41.82480651, -87.60378551)
(41.93781702, -87.71965221)
(41.90762016, -87.76122991)
(41.92495732, -87.76602483)
(41.94960023, -87.65844277)
(41.78363379, -87.59471568)
(41.78575646, -87.61263979)
(41.88720369, -87.62233823)
(41.9497668, -87.65923505)
(41.910119, -87.78174424)
(41.92910379, -87.64688816)
(41.88993449, -87.63761923)
(41.94172754, -87.82155838)
(41.96593721, -87.72796457)
(41.99338873, -87.65831879)
(41.92483955, -87.76109447)
(41.81679288, -87.60806218)
(41.69307715, -87.62791461)
(41.77303753, -87.66404351)
(41.80074688, -87.6769291)
(41.96448667, -87.65689213)
(41.71239825, -87.623627)
(41.85384731, -87.67098334)
(41.85099631, -87.70522847)
(41.70751555, -87.60209176)
(41.77008817, -87.64696218)
(41.73730769, -87.55729937)
(41.90391262, -87.63069365)
(41.73912752, -87.62268058)
(41.77279778, -87.68346828)
(41.87719043, -87.63178693)
(41.93788333, -87.64564361)
(41.93795328, -87.81583652)
(41.878639, -87.62769149)
(41.88644511, -87.70445903)
(41.74887767, -87.59905367)
(41.88570534, -87.64348588)
(41.99054248, -87.65823115)
(41.88449439, -87.62666491)
(41.7690705, -87.62666845)
(41.79635151, -87.74284616)
(41.89806099, -87.71396131)
(41.9302336, -87.77593358)
(41.78229512, -87.60037012)
(41.86042263, -87.69572754)
(41.81252064, -87.60989681)
(41.90655827, -87.76457136)
(41.93250619, -87.77600935)
(41.94428358, -87.74826493)
(41.87763451, -87.63666576)
(41.77279778, -87.68346828)
(41.85578548, -87.7272719)
(41.92453412, -87.72257959)
(41.79859801, -87.68415754)
(41.79954532, -87.61772247)
(41.90903894, -87.72648557)
(41.78615238, -87.65466698)
(41.78993815, -87.77074448)
(41.7808363, -87.77038407)
(41.93432937, -87.7368856)
(41.78388158, -87.67281124)
(41.75225876, -87.60036011)
(41.95153134, -87.7504779)
(41.77171306, -87.65672181)
(41.79530682, -87.79908575)
(41.79508451, -87.79908026)
(41.79504883, -87.79908056)
(41.91479117, -87.63571437)
(41.79506804, -87.7990804)
(41.79309558, -87.67305769)
(41.78079064, -87.70394153)
(41.68039031, -87.6590411)
(41.97834216, -87.84003283)
(41.81884828, -87.60113105)
(41.88324352, -87.76022455)
(41.86944731, -87.74486147)
(41.92655891, -87.63129407)
(41.91603034, -87.63460966)
(41.78903839, -87.70465291)
(41.86701576, -87.61903748)
(41.7128602, -87.59246461)
(41.89262841, -87.63115524)
(41.74016294, -87.68890519)
(41.75241318, -87.71073852)
(41.86565067, -87.72149929)
(41.88073555, -87.72506426)
(41.849174, -87.71736571)
(41.87939193, -87.75392834)
(41.70395665, -87.54010444)
(41.87876279, -87.76643359)
(41.85358672, -87.70569865)
(41.89071052, -87.61435531)
(41.98462249, -87.8365821)
(41.88415232, -87.67293258)
(41.82494501, -87.6398789)
(41.91129258, -87.63666727)
(41.90393347, -87.62916894)
(41.85495188, -87.67408465)
(41.89836676, -87.77464235)
(41.90915204, -87.65267504)
(41.93180115, -87.72626251)
(41.87151361, -87.68617397)
(41.77605663, -87.71402208)
(41.82263955, -87.69030581)
(41.85641362, -87.71997956)
(41.65377613, -87.60211444)
(42.01753207, -87.66819085)
(41.7831644, -87.60112652)
(41.69592395, -87.6134605)
(41.85623078, -87.62389641)
(41.80630882, -87.66490773)
(41.79314955, -87.66577789)
(41.77743028, -87.68446272)
(41.65877728, -87.64127291)
(41.77362462, -87.69486856)
(41.81382373, -87.72380859)
(41.93991842, -87.65328888)
(41.86378501, -87.7200376)
(41.90371059, -87.64353822)
(41.77804747, -87.58638773)
(41.81812875, -87.63724138)
(41.94303722, -87.73961636)
(41.76690939, -87.62333445)
(41.67542431, -87.63942544)
(41.93424604, -87.73933773)
(41.71831893, -87.57525608)
(41.78835847, -87.66443787)
(41.83742818, -87.65356771)
(41.82435055, -87.7079398)
(41.82373072, -87.6252679)
(42.00253758, -87.66201527)
(41.79329893, -87.66456619)
(41.93759731, -87.73944998)
(41.70495646, -87.6282169)
(41.7553326, -87.64659166)
(41.81569801, -87.62300861)
(41.86034547, -87.71524682)
(41.89547718, -87.71470618)
(41.91474188, -87.69814848)
(41.85153626, -87.68195248)
(41.69257696, -87.62378635)
(41.90982859, -87.67744759)
(41.89573331, -87.68745748)
(41.78503115, -87.61207225)
(41.8640073, -87.70681925)
(41.88429081, -87.66132659)
(41.76133353, -87.61153132)
(41.90307207, -87.72631432)
(41.87449092, -87.63282251)
(41.86221827, -87.63908716)
(41.87620707, -87.67664586)
(41.79665676, -87.79785332)
(41.72164732, -87.62954363)
(41.86842201, -87.68686968)
(41.70959046, -87.62356999)
(41.89509462, -87.63416208)
(41.88100737, -87.70320507)
(41.88961966, -87.77496097)
(41.88565961, -87.64776473)
(41.69937177, -87.62687911)
(41.90829136, -87.75716079)
(41.83796355, -87.61747077)
(41.77552824, -87.64710948)
(42.0004432, -87.69117499)
(41.91576222, -87.65627527)
(41.99991812, -87.66977968)
(41.77587241, -87.75556859)
(41.88548189, -87.62793569)
(41.96745809, -87.67616916)
(41.89688859, -87.62820319)
(41.89616501, -87.73104079)
(41.85768487, -87.61632582)
(41.96766578, -87.66273085)
(41.97689504, -87.76063237)
(41.804126, -87.66849914)
(41.96838464, -87.71501618)
(41.76879725, -87.6472362)
(41.8398894, -87.72443104)
(41.88905333, -87.64212038)
(41.78327639, -87.62378456)
(41.76854088, -87.63474983)
(41.71641867, -87.55374878)
(41.74768891, -87.56252822)
(41.97065557, -87.66108516)
(41.75049476, -87.71528663)
(41.88564695, -87.745462)
(41.91072362, -87.67800053)
(41.77855211, -87.73175394)
(41.96102306, -87.66572718)
(41.92612314, -87.80265898)
(41.96474283, -87.7149705)
(41.70829198, -87.61379497)
(41.78301289, -87.62377647)
(41.78551967, -87.73856753)
(41.74057677, -87.7076724)
(41.77537879, -87.66410715)
(41.80912527, -87.63190651)
(41.74350386, -87.60501807)
(41.74832905, -87.72187065)
(41.88453338, -87.68929262)
(41.86851813, -87.62411302)
(41.80604807, -87.66489944)
(41.88077543, -87.62702903)
(41.77126537, -87.73163507)
(41.74840903, -87.67381262)
(41.79622809, -87.68776808)
(41.7304194, -87.59861547)
(41.91921267, -87.74617917)
(41.74937158, -87.55891677)
(41.87245777, -87.73372341)
(42.01192033, -87.66302051)
(41.75141142, -87.72454965)
(41.87661072, -87.7585874)
(41.82938992, -87.60689263)
(41.75093821, -87.72432691)
(41.85443472, -87.71992505)
(41.68462365, -87.5628055)
(41.81845361, -87.61556033)
(41.84940075, -87.71005589)
(41.77316168, -87.66039823)
(41.87597105, -87.74125093)
(41.81151283, -87.65522101)
(41.68708092, -87.61114643)
(41.8414719, -87.62920463)
(41.90416145, -87.74689383)
(41.90164626, -87.66382616)
(41.91845991, -87.68094532)
(41.79480577, -87.66460553)
(41.9362756, -87.66853969)
(41.89374718, -87.70439475)
(41.89412402, -87.6751695)
(41.78600909, -87.78279835)
(41.79530913, -87.63302166)
(41.77990929, -87.73256619)
(41.73497171, -87.55275873)
(41.87281809, -87.70212526)
(41.90969266, -87.74078512)
(41.97676298, -87.90098372)
(41.88570024, -87.64172685)
(41.66315298, -87.55197988)
(41.96244757, -87.91764464)
(41.8760091, -87.73905481)
(41.74838299, -87.64275563)
(41.85373501, -87.69674098)
(41.74522342, -87.57100046)
(41.94955828, -87.6471981)
(41.94502926, -87.64518454)
(41.89432785, -87.62814321)
(41.77373033, -87.79890923)
(41.80906009, -87.63517176)
(41.97300926, -87.66800706)
(41.87056144, -87.72900117)
(41.91556304, -87.67392051)
(41.85315184, -87.69303583)
(41.74528353, -87.70470252)
(41.93465231, -87.70382396)
(41.86726869, -87.71361981)
(41.8156148, -87.68992121)
(41.87279434, -87.70429913)
(41.65660395, -87.61491583)
(41.79557451, -87.78312356)
(41.95061551, -87.64961669)
(41.84177552, -87.71228046)
(41.90909274, -87.71496416)
(41.72017851, -87.58514254)
(41.91113268, -87.69212605)
(41.78771284, -87.68246696)
(41.79818138, -87.72330404)
(41.98364915, -87.65871224)
(41.78642102, -87.69285324)
(41.75365276, -87.55811401)
(41.89955836, -87.71888731)
(41.87360784, -87.71258924)
(41.91228505, -87.73006998)
(41.91349949, -87.68599616)
(41.71221603, -87.61024618)
(41.84216167, -87.6548975)
(41.95488355, -87.69949266)
(41.93993771, -87.65237714)
(41.88550221, -87.69718958)
(41.69992752, -87.53528009)
(41.75936704, -87.62316836)
(41.88893249, -87.75641663)
(41.91343849, -87.77697987)
(41.76915521, -87.62705609)
(41.91755327, -87.69000053)
(41.80695168, -87.61809121)
(41.73547346, -87.55795895)
(41.76711324, -87.61287781)
(41.79375761, -87.65759749)
(41.70388777, -87.53649453)
(42.00302012, -87.70008942)
(41.74852644, -87.57998356)
(41.86378501, -87.7200376)
(41.79843201, -87.60389769)
(41.85832852, -87.72244275)
(41.76821354, -87.67361715)
(41.90853852, -87.72526328)
(41.74435515, -87.57415473)
(41.87975416, -87.72630004)
(41.8910902, -87.65651017)
(41.88077661, -87.68152707)
(41.87939319, -87.63299297)
(41.94086962, -87.7281172)
(41.82034491, -87.6415831)
(41.92043805, -87.66276628)
(41.88943581, -87.67930893)
(41.90361117, -87.65032045)
(41.99458889, -87.69100577)
(41.88057525, -87.73846903)
(41.89677445, -87.62126974)
(41.88634305, -87.71192612)
(41.69493254, -87.65530825)
(42.01199247, -87.67453344)
(41.86378501, -87.7200376)
(41.88357437, -87.70994788)
(41.91307573, -87.66897889)
(41.72163005, -87.62405657)
(41.78453531, -87.76198444)
(41.85680321, -87.71027401)
(41.86635657, -87.70988021)
(41.96610836, -87.68882833)
(42.00926931, -87.67532688)
(41.79393591, -87.62568028)
(41.88054139, -87.64314851)
(41.87477217, -87.74505863)
(41.68522624, -87.63070584)
(41.7338549, -87.59172146)
(41.77596921, -87.59731493)
(41.84641579, -87.69817885)
(41.80785104, -87.725149)
(41.90133177, -87.75330394)
(41.9093924, -87.76443599)
(41.91316974, -87.7936952)
(41.82390935, -87.63246794)
(41.80608056, -87.66247097)
(41.88322293, -87.73730974)
(41.77957219, -87.63869976)
(41.6703096, -87.62026831)
(41.71572872, -87.59941646)
(41.6586359, -87.61729752)
(41.91661498, -87.64967477)
(41.67411679, -87.62039467)
(41.81739363, -87.60672007)
(41.97214973, -87.70191405)
(41.80635776, -87.66247542)
(41.76343508, -87.57522374)
(41.97676298, -87.90098372)
(41.78085587, -87.69883723)
(41.68052222, -87.55932916)
(41.8678742, -87.66641454)
(41.88975709, -87.67502335)
(41.78609804, -87.67408284)
(41.77764754, -87.72517782)
(41.89910503, -87.71673917)
(41.90739703, -87.67982362)
(41.76179656, -87.58355966)
(41.75413866, -87.61822342)
(41.84270277, -87.61569307)
(41.75616446, -87.55253863)
(41.89011164, -87.75297575)
(41.89399451, -87.63376639)
(41.96844691, -87.70877543)
(41.76139623, -87.55797683)
(41.89821242, -87.71762564)
(41.90389097, -87.6320898)
(41.84626263, -87.69283661)
(41.75163603, -87.54926592)
(41.69293233, -87.52703686)
(41.77341637, -87.70890774)
(41.9764212, -87.90497627)
(41.93990585, -87.65441005)
(41.77887954, -87.65691412)
(41.89281801, -87.71013714)
(41.75601792, -87.55237915)
(41.88527183, -87.6294804)
(41.69325621, -87.62312349)
(41.89432785, -87.62814321)
(41.74810886, -87.65246232)
(41.97833754, -87.84023514)
(41.920358, -87.6631566)
(41.74041846, -87.7174828)
(41.88919966, -87.63185753)
(41.95600455, -87.67726478)
(41.77874976, -87.6872908)
(41.74890433, -87.58827579)
(41.78905784, -87.60610876)
(41.88281685, -87.76659605)
(41.89025893, -87.62961296)
(41.93807416, -87.67587919)
(41.89877135, -87.70781292)
(41.65663988, -87.60233454)
(41.80266226, -87.66359593)
(41.75330298, -87.68165662)
(41.84005964, -87.72808455)
(41.80268339, -87.61005149)
(41.7931468, -87.58390216)
(41.91494533, -87.70520072)
(41.94614265, -87.74581817)
(41.7985978, -87.66592306)
(41.8107672, -87.64155044)
(41.87808978, -87.74128279)
(41.83744648, -87.63286336)
(41.90437011, -87.63146007)
(41.92827883, -87.71518314)
(41.94362428, -87.64886803)
(41.82302992, -87.68166182)
(41.76991675, -87.66395498)
(41.89759683, -87.76426888)
(41.77875293, -87.59234827)
(41.94074218, -87.68808408)
(41.83794164, -87.6540797)
(41.88357647, -87.70983035)
(41.97456763, -87.66323214)
(41.93124877, -87.66109852)
(41.79034412, -87.62397798)
(41.75311821, -87.65541455)
(41.90696275, -87.70127104)
(41.88629851, -87.74035132)
(41.75336364, -87.64775242)
(41.80628961, -87.66490793)
(41.86803411, -87.63921516)
(41.91968827, -87.66172326)
(41.86761877, -87.700818)
(41.80382866, -87.67213693)
(41.96205056, -87.70583028)
(41.91170499, -87.68603634)
(41.83755268, -87.73408972)
(41.78495812, -87.62059803)
(41.88220309, -87.74015784)
(41.75249633, -87.7073551)
(41.74995379, -87.6379271)
(41.73961796, -87.71051038)
(41.7885525, -87.74076528)
(41.92205075, -87.69141781)
(41.75427651, -87.71888594)
(41.76751902, -87.68078697)
(41.89099324, -87.66620348)
(41.82649763, -87.62271313)
(41.87558736, -87.74508787)
